100 30
0 1 60.14457
0 2 82.25595
0 3 122.73557
0 4 100.04893
0 5 101.39131
0 6 64.72212
0 7 85.75734
0 8 100.93785
0 9 51.64587
0 10 119.14081
0 11 42.50214
0 12 60.94315
0 13 101.71943
0 14 74.59010
0 15 70.42476
0 16 91.70288
0 17 101.17104
0 18 71.96282
0 19 111.51869
0 20 117.44176
0 21 95.11610
0 22 113.68067
0 23 92.13400
0 24 85.76640
0 25 107.41216
0 26 66.33503
0 27 51.90318
0 28 80.50298
0 29 127.23892
0 30 96.65977
0 31 68.95734
0 32 86.57289
0 33 75.37528
0 34 109.69450
0 35 73.71782
0 36 120.30286
0 37 93.11112
0 38 87.18164
0 39 75.72653
0 40 114.34660
0 41 100.89819
0 42 98.15639
0 43 103.13214
0 44 88.76698
0 45 86.49368
0 46 78.85293
0 47 101.18299
0 48 87.46360
0 49 98.72727
0 50 47.99299
0 51 93.77589
0 52 64.35159
0 53 41.57807
0 54 121.36285
0 55 115.52252
0 56 95.43781
0 57 90.98960
0 58 113.45863
0 59 91.54427
0 60 92.94774
0 61 95.23371
0 62 101.29457
0 63 81.19727
0 64 105.49040
0 65 115.05138
0 66 95.27338
0 67 119.05061
0 68 109.42422
0 69 76.87540
0 70 103.62457
0 71 59.82696
0 72 112.63680
0 73 99.00944
0 74 70.79864
0 75 112.35754
0 76 66.20195
0 77 95.65032
0 78 115.72365
0 79 108.52386
0 80 81.12678
0 81 57.93707
0 82 100.08765
0 83 66.18948
0 84 115.67209
0 85 87.56579
0 86 112.43097
0 87 102.90575
0 88 110.54173
0 89 91.23122
0 90 16.78162
0 91 99.04686
0 92 61.59928
0 93 107.06615
0 94 66.86431
0 95 85.31187
0 96 104.46028
0 97 96.50672
0 98 104.47211
0 99 109.16402
1 2 91.47922
1 3 83.44769
1 4 87.07711
1 5 122.38420
1 6 101.03459
1 7 91.83628
1 8 50.63315
1 9 108.34762
1 10 99.56115
1 11 92.61544
1 12 67.08784
1 13 95.45140
1 14 64.28111
1 15 81.30695
1 16 93.94875
1 17 70.11289
1 18 77.73969
1 19 100.56142
1 20 132.50252
1 21 100.90900
1 22 93.38219
1 23 99.76970
1 24 100.43800
1 25 84.43291
1 26 74.08472
1 27 43.94539
1 28 74.74048
1 29 121.74458
1 30 105.83005
1 31 66.92019
1 32 59.68274
1 33 69.10554
1 34 102.13728
1 35 95.14362
1 36 119.67044
1 37 102.21581
1 38 88.52569
1 39 76.04953
1 40 92.83902
1 41 54.48967
1 42 62.82695
1 43 73.41642
1 44 83.21780
1 45 90.67676
1 46 59.34530
1 47 84.37101
1 48 47.04560
1 49 86.63102
1 50 72.02060
1 51 91.35536
1 52 85.17965
1 53 76.32122
1 54 108.27482
1 55 102.99819
1 56 106.11585
1 57 101.02588
1 58 105.75719
1 59 84.50511
1 60 50.24472
1 61 92.63903
1 62 94.70737
1 63 56.62489
1 64 100.42589
1 65 103.24347
1 66 87.03018
1 67 70.41456
1 68 87.10304
1 69 123.03993
1 70 77.28062
1 71 69.53962
1 72 100.81216
1 73 108.19389
1 74 58.77179
1 75 113.59148
1 76 107.75433
1 77 103.18878
1 78 116.63107
1 79 75.20576
1 80 72.20054
1 81 24.11566
1 82 98.02737
1 83 62.17014
1 84 107.43035
1 85 73.35434
1 86 98.57436
1 87 104.26131
1 88 103.79561
1 89 47.92965
1 90 59.53133
1 91 96.97683
1 92 69.90778
1 93 124.18747
1 94 94.73620
1 95 82.15826
1 96 106.63210
1 97 90.63130
1 98 91.61220
1 99 90.04749
2 3 105.99191
2 4 92.66492
2 5 50.51560
2 6 124.41250
2 7 114.08106
2 8 118.57484
2 9 106.04867
2 10 131.25688
2 11 82.11326
2 12 78.98991
2 13 96.92746
2 14 115.43239
2 15 95.22628
2 16 45.10657
2 17 112.98088
2 18 83.77108
2 19 123.86348
2 20 123.63736
2 21 94.68998
2 22 117.42728
2 23 75.86512
2 24 114.16843
2 25 110.20522
2 26 72.93247
2 27 69.10264
2 28 117.94762
2 29 96.09116
2 30 99.36218
2 31 118.35347
2 32 100.34858
2 33 101.96989
2 34 110.65050
2 35 92.56791
2 36 95.66786
2 37 106.06064
2 38 108.40314
2 39 106.55369
2 40 120.16152
2 41 133.07822
2 42 97.85548
2 43 97.28723
2 44 121.68057
2 45 115.35270
2 46 94.85406
2 47 103.70107
2 48 102.18361
2 49 128.21808
2 50 113.83867
2 51 111.91396
2 52 72.24039
2 53 80.82900
2 54 102.24828
2 55 73.97758
2 56 68.49720
2 57 55.43587
2 58 135.24652
2 59 69.41681
2 60 110.11169
2 61 101.08783
2 62 93.90720
2 63 84.92122
2 64 88.64644
2 65 99.40545
2 66 108.11680
2 67 111.46909
2 68 124.77162
2 69 100.60809
2 70 83.16220
2 71 68.83942
2 72 106.81933
2 73 129.16051
2 74 80.39573
2 75 133.98029
2 76 119.20693
2 77 114.08499
2 78 132.91389
2 79 116.96523
2 80 91.40363
2 81 94.30054
2 82 78.67826
2 83 51.44427
2 84 87.44469
2 85 104.85358
2 86 101.64949
2 87 84.17094
2 88 93.08624
2 89 98.38140
2 90 84.86795
2 91 99.34510
2 92 82.47985
2 93 60.55045
2 94 91.13235
2 95 97.54777
2 96 115.97348
2 97 62.18792
2 98 114.12688
2 99 128.47919
3 4 72.82789
3 5 133.84306
3 6 147.18945
3 7 113.90565
3 8 101.65971
3 9 157.78441
3 10 134.29402
3 11 131.39713
3 12 90.64528
3 13 73.46774
3 14 119.93320
3 15 115.24393
3 16 103.66516
3 17 80.71891
3 18 124.05914
3 19 120.30142
3 20 150.80460
3 21 104.38078
3 22 81.25381
3 23 128.14409
3 24 165.43748
3 25 107.68556
3 26 98.96318
3 27 77.53026
3 28 95.11817
3 29 97.45601
3 30 130.56998
3 31 114.87255
3 32 83.32717
3 33 108.51354
3 34 101.69472
3 35 149.39194
3 36 113.60791
3 37 107.47111
3 38 127.17567
3 39 115.68798
3 40 117.13687
3 41 107.28970
3 42 46.11847
3 43 62.78147
3 44 120.80173
3 45 117.57589
3 46 82.36490
3 47 86.52225
3 48 64.73588
3 49 107.08820
3 50 135.53941
3 51 120.13898
3 52 107.59303
3 53 119.04741
3 54 68.37698
3 55 99.18693
3 56 105.56738
3 57 127.41771
3 58 104.39165
3 59 91.34607
3 60 77.43744
3 61 95.38562
3 62 116.08532
3 63 77.47518
3 64 109.29634
3 65 92.62528
3 66 119.48714
3 67 36.33923
3 68 102.08115
3 69 150.06732
3 70 75.63155
3 71 108.13123
3 72 111.31592
3 73 130.26027
3 74 90.11142
3 75 131.65495
3 76 159.60776
3 77 118.22594
3 78 121.03749
3 79 88.79886
3 80 104.28848
3 81 85.84987
3 82 88.86620
3 83 88.30762
3 84 95.60904
3 85 80.52892
3 86 101.65791
3 87 106.54778
3 88 79.90965
3 89 46.73746
3 90 118.05326
3 91 112.99683
3 92 103.61378
3 93 121.19606
3 94 144.85077
3 95 115.69550
3 96 137.01376
3 97 82.06663
3 98 87.92638
3 99 94.71001
4 5 126.34315
4 6 132.18202
4 7 126.36858
4 8 123.85018
4 9 121.01559
4 10 158.97023
4 11 103.98622
4 12 66.77750
4 13 91.88200
4 14 126.56438
4 15 89.49313
4 16 107.39882
4 17 124.12720
4 18 100.35501
4 19 138.20534
4 20 157.41000
4 21 92.05798
4 22 119.42731
4 23 139.78949
4 24 156.41179
4 25 95.47315
4 26 89.79003
4 27 63.92150
4 28 104.26759
4 29 113.45670
4 30 149.92979
4 31 103.08902
4 32 79.12701
4 33 117.93600
4 34 100.68900
4 35 141.87918
4 36 134.38550
4 37 77.35117
4 38 133.22049
4 39 90.21014
4 40 129.02841
4 41 111.85090
4 42 64.86082
4 43 101.10367
4 44 142.78130
4 45 95.42538
4 46 55.18182
4 47 126.19173
4 48 93.87873
4 49 134.23560
4 50 127.32204
4 51 141.29434
4 52 104.70924
4 53 76.82165
4 54 103.77709
4 55 107.31866
4 56 94.68767
4 57 104.88544
4 58 136.20566
4 59 82.16586
4 60 112.35703
4 61 111.34079
4 62 97.13260
4 63 75.68555
4 64 89.66164
4 65 132.51138
4 66 124.00362
4 67 91.05161
4 68 116.19695
4 69 112.34674
4 70 79.51417
4 71 79.79909
4 72 136.96529
4 73 112.74601
4 74 96.94054
4 75 137.83041
4 76 142.32088
4 77 86.27780
4 78 111.87769
4 79 128.45026
4 80 116.16332
4 81 83.95478
4 82 97.91242
4 83 62.54368
4 84 123.06252
4 85 45.73336
4 86 131.44002
4 87 117.34386
4 88 61.73053
4 89 78.31342
4 90 92.18822
4 91 106.93978
4 92 100.27456
4 93 104.30519
4 94 144.78552
4 95 100.02747
4 96 151.15808
4 97 76.82841
4 98 89.33669
4 99 110.91587
5 6 120.03757
5 7 128.28551
5 8 147.85677
5 9 114.66601
5 10 144.41267
5 11 86.01130
5 12 95.71224
5 13 108.38522
5 14 135.91118
5 15 118.07074
5 16 52.60741
5 17 128.13162
5 18 110.49585
5 19 139.03583
5 20 97.87730
5 21 112.46246
5 22 121.63195
5 23 68.53938
5 24 120.28429
5 25 128.73868
5 26 93.27927
5 27 100.88187
5 28 124.26046
5 29 89.27100
5 30 99.38493
5 31 139.71675
5 32 119.41177
5 33 128.44487
5 34 140.56960
5 35 96.98236
5 36 101.73918
5 37 132.46201
5 38 109.35200
5 39 131.63438
5 40 128.58954
5 41 162.41437
5 42 131.43005
5 43 123.76853
5 44 128.12390
5 45 123.43076
5 46 125.10954
5 47 113.03770
5 48 127.75981
5 49 134.94627
5 50 132.56120
5 51 112.99159
5 52 88.13993
5 53 104.88524
5 54 106.51305
5 55 83.89106
5 56 94.12742
5 57 71.92910
5 58 133.50891
5 59 102.68767
5 60 131.34480
5 61 97.98667
5 62 122.89971
5 63 126.75468
5 64 113.26191
5 65 102.43672
5 66 120.00943
5 67 137.14462
5 68 151.46040
5 69 102.96529
5 70 103.56337
5 71 107.34940
5 72 116.69746
5 73 139.72571
5 74 108.96282
5 75 139.99846
5 76 114.83543
5 77 135.79175
5 78 138.04344
5 79 128.35272
5 80 106.30529
5 81 126.03503
5 82 99.02699
5 83 97.22939
5 84 75.37029
5 85 132.30119
5 86 95.23620
5 87 69.48818
5 88 110.38103
5 89 126.79404
5 90 105.80640
5 91 127.29837
5 92 94.74409
5 93 50.28931
5 94 94.44227
5 95 121.88647
5 96 102.85837
5 97 77.71526
5 98 128.18655
5 99 133.85286
6 7 96.21827
6 8 135.85153
6 9 66.74016
6 10 131.47629
6 11 57.12516
6 12 78.31737
6 13 106.81383
6 14 97.90051
6 15 93.31108
6 16 120.63281
6 17 114.56325
6 18 106.97609
6 19 120.04403
6 20 92.76247
6 21 118.36537
6 22 108.05830
6 23 105.69704
6 24 103.53709
6 25 126.99876
6 26 91.05937
6 27 94.75097
6 28 70.03203
6 29 127.11868
6 30 106.31622
6 31 79.90572
6 32 104.87128
6 33 106.39648
6 34 134.87804
6 35 91.41476
6 36 136.29457
6 37 116.50272
6 38 85.91711
6 39 97.91837
6 40 122.09087
6 41 129.17891
6 42 131.90962
6 43 128.19518
6 44 86.35229
6 45 87.84875
6 46 110.43639
6 47 112.41901
6 48 109.75433
6 49 94.50713
6 50 81.83658
6 51 90.42841
6 52 94.87072
6 53 83.04143
6 54 123.57228
6 55 134.65741
6 56 131.28227
6 57 122.80900
6 58 97.03452
6 59 126.25050
6 60 116.84373
6 61 93.16495
6 62 131.62910
6 63 127.89630
6 64 131.94186
6 65 125.25600
6 66 102.56255
6 67 143.78764
6 68 128.67671
6 69 78.79844
6 70 125.19931
6 71 110.65201
6 72 122.63158
6 73 87.84567
6 74 105.12270
6 75 104.43204
6 76 39.04208
6 77 126.29102
6 78 98.04951
6 79 114.92284
6 80 109.88914
6 81 97.02224
6 82 128.21887
6 83 119.68893
6 84 118.53706
6 85 115.37870
6 86 111.08793
6 87 103.28964
6 88 121.99933
6 89 119.25227
6 90 65.20634
6 91 126.85980
6 92 72.71972
6 93 124.24763
6 94 85.72430
6 95 108.33775
6 96 102.32527
6 97 116.02177
6 98 111.35687
6 99 95.96376
7 8 123.42504
7 9 100.96605
7 10 114.55235
7 11 86.78329
7 12 90.94446
7 13 66.05833
7 14 68.42986
7 15 108.46284
7 16 104.97765
7 17 78.84220
7 18 110.28724
7 19 94.56249
7 20 120.22250
7 21 87.63869
7 22 94.81962
7 23 99.63091
7 24 135.72910
7 25 145.76797
7 26 89.28989
7 27 77.70715
7 28 83.01612
7 29 115.04761
7 30 71.37268
7 31 91.70706
7 32 129.64742
7 33 51.09145
7 34 78.74215
7 35 109.14687
7 36 75.27856
7 37 83.14659
7 38 118.30410
7 39 115.96723
7 40 148.81065
7 41 127.92637
7 42 108.22432
7 43 68.29344
7 44 57.49511
7 45 140.75331
7 46 123.96889
7 47 58.47256
7 48 73.91570
7 49 59.34003
7 50 84.59496
7 51 65.57835
7 52 55.19180
7 53 97.13716
7 54 91.04507
7 55 130.23587
7 56 107.36728
7 57 134.91699
7 58 88.88264
7 59 91.97262
7 60 100.58843
7 61 110.79273
7 62 116.14000
7 63 81.86415
7 64 116.57137
7 65 71.94036
7 66 109.48232
7 67 120.61746
7 68 76.69850
7 69 103.34228
7 70 128.13989
7 71 88.79726
7 72 80.56834
7 73 108.48595
7 74 78.94210
7 75 118.14909
7 76 97.05683
7 77 133.20293
7 78 116.12009
7 79 93.77568
7 80 87.07414
7 81 86.09076
7 82 73.37206
7 83 100.83022
7 84 109.52274
7 85 124.40099
7 86 116.74043
7 87 125.47626
7 88 115.59718
7 89 87.21817
7 90 81.19395
7 91 79.47167
7 92 69.55666
7 93 138.61594
7 94 81.23651
7 95 107.94000
7 96 137.22884
7 97 107.87775
7 98 97.35185
7 99 119.89124
8 9 149.63362
8 10 81.69280
8 11 135.65019
8 12 111.07743
8 13 126.88748
8 14 90.98630
8 15 105.42459
8 16 121.28775
8 17 74.63951
8 18 101.19523
8 19 100.78838
8 20 158.98769
8 21 145.54713
8 22 103.81603
8 23 111.61773
8 24 103.45100
8 25 104.21568
8 26 98.27512
8 27 91.43469
8 28 111.53323
8 29 145.99571
8 30 118.48747
8 31 90.70586
8 32 79.08815
8 33 89.15327
8 34 126.67437
8 35 107.73252
8 36 144.81274
8 37 146.30984
8 38 92.69382
8 39 96.72069
8 40 82.52579
8 41 60.26007
8 42 85.25894
8 43 88.81848
8 44 99.06327
8 45 116.49522
8 46 87.18398
8 47 102.86909
8 48 67.79165
8 49 112.57638
8 50 103.18895
8 51 108.70062
8 52 124.38103
8 53 123.85511
8 54 132.11996
8 55 112.14941
8 56 133.24539
8 57 120.53745
8 58 127.22513
8 59 111.08174
8 60 53.57693
8 61 115.40559
8 62 116.42604
8 63 86.16778
8 64 129.11960
8 65 121.38326
8 66 91.14842
8 67 77.34038
8 68 103.50737
8 69 164.55542
8 70 91.84932
8 71 105.93760
8 72 108.47891
8 73 132.81754
8 74 75.41508
8 75 120.32845
8 76 138.48535
8 77 147.26065
8 78 141.42079
8 79 73.40472
8 80 105.25743
8 81 58.26541
8 82 134.25443
8 83 96.37703
8 84 126.74947
8 85 113.89364
8 86 102.53179
8 87 121.14237
8 88 134.86888
8 89 77.73965
8 90 104.60796
8 91 122.41694
8 92 99.71629
8 93 150.94958
8 94 113.14523
8 95 99.31032
8 96 118.10206
8 97 118.26971
8 98 130.19540
8 99 102.58685
9 10 151.34868
9 11 38.01183
9 12 83.22143
9 13 118.52678
9 14 106.58783
9 15 85.52074
9 16 117.92994
9 17 140.80089
9 18 91.84708
9 19 133.67650
9 20 128.98996
9 21 107.81210
9 22 143.23190
9 23 116.65720
9 24 110.18082
9 25 139.64891
9 26 88.60425
9 27 88.10635
9 28 108.70724
9 29 144.06586
9 30 116.81398
9 31 91.50697
9 32 125.75340
9 33 102.43917
9 34 121.12395
9 35 92.55259
9 36 135.85657
9 37 93.79192
9 38 116.49913
9 39 95.58257
9 40 150.70758
9 41 143.35123
9 42 135.50868
9 43 135.50629
9 44 116.41588
9 45 110.79333
9 46 112.24902
9 47 133.50409
9 48 125.94495
9 49 126.95393
9 50 79.27297
9 51 118.28711
9 52 81.64051
9 53 52.53377
9 54 142.98682
9 55 141.47818
9 56 110.14307
9 57 109.09102
9 58 139.14996
9 59 110.84126
9 60 140.12102
9 61 124.88599
9 62 117.55355
9 63 113.07276
9 64 120.24922
9 65 142.60002
9 66 120.04494
9 67 162.15059
9 68 132.20088
9 69 43.66964
9 70 136.88440
9 71 79.72095
9 72 136.06757
9 73 100.93856
9 74 103.97630
9 75 128.19716
9 76 59.77117
9 77 114.79865
9 78 121.49629
9 79 146.74846
9 80 117.81641
9 81 100.69173
9 82 119.28621
9 83 96.19559
9 84 142.78473
9 85 116.27130
9 86 144.79222
9 87 129.03310
9 88 123.58175
9 89 131.60245
9 90 50.61272
9 91 110.64814
9 92 83.23729
9 93 117.89362
9 94 84.69052
9 95 103.84769
9 96 138.75955
9 97 117.53047
9 98 125.77338
9 99 137.82979
10 11 140.75130
10 12 128.97148
10 13 120.94067
10 14 102.68963
10 15 104.22519
10 16 130.40701
10 17 81.16780
10 18 102.09819
10 19 48.57425
10 20 146.16963
10 21 166.08194
10 22 91.04700
10 23 83.50061
10 24 88.90597
10 25 137.80440
10 26 91.30098
10 27 122.99291
10 28 131.15636
10 29 135.47723
10 30 82.01817
10 31 90.76702
10 32 119.07063
10 33 81.02251
10 34 115.66171
10 35 80.59652
10 36 130.15475
10 37 157.38362
10 38 74.60427
10 39 101.74384
10 40 88.21634
10 41 114.86132
10 42 127.82194
10 43 91.21450
10 44 77.12408
10 45 142.59218
10 46 126.75201
10 47 101.24426
10 48 87.12071
10 49 115.70160
10 50 125.77212
10 51 81.68899
10 52 131.82790
10 53 147.25372
10 54 126.82430
10 55 101.73535
10 56 141.25319
10 57 120.25480
10 58 128.78442
10 59 110.74339
10 60 97.66969
10 61 128.51665
10 62 114.65070
10 63 113.45307
10 64 133.73703
10 65 112.33974
10 66 55.29700
10 67 122.95441
10 68 93.50254
10 69 156.52357
10 70 110.36675
10 71 121.14797
10 72 65.29282
10 73 110.71367
10 74 75.45966
10 75 87.80127
10 76 120.15475
10 77 194.50177
10 78 121.69437
10 79 64.54325
10 80 135.91862
10 81 93.43017
10 82 146.11015
10 83 124.79199
10 84 123.32218
10 85 161.32158
10 86 87.48284
10 87 119.55187
10 88 138.63177
10 89 117.84433
10 90 123.68348
10 91 109.13760
10 92 85.69470
10 93 153.38301
10 94 88.22674
10 95 86.69405
10 96 133.11014
10 97 120.44930
10 98 150.85770
10 99 104.04278
11 12 60.96232
11 13 92.81874
11 14 98.21094
11 15 82.09713
11 16 88.95081
11 17 116.64712
11 18 90.51673
11 19 124.22334
11 20 102.99654
11 21 86.44720
11 22 116.61624
11 23 94.99989
11 24 109.24670
11 25 123.36354
11 26 72.99870
11 27 66.84336
11 28 82.82265
11 29 114.86881
11 30 98.09631
11 31 90.09021
11 32 104.46397
11 33 94.76360
11 34 114.57817
11 35 87.94453
11 36 112.79604
11 37 86.71574
11 38 100.08645
11 39 94.42512
11 40 132.36488
11 41 133.96571
11 42 113.53446
11 43 114.59315
11 44 100.79879
11 45 92.89072
11 46 97.34344
11 47 106.08286
11 48 106.64738
11 49 104.93092
11 50 74.04159
11 51 99.40441
11 52 56.69903
11 53 45.11984
11 54 112.23348
11 55 119.09064
11 56 90.33065
11 57 95.78237
11 58 110.37384
11 59 97.76604
11 60 116.58746
11 61 91.92345
11 62 112.77157
11 63 101.42861
11 64 109.20271
11 65 112.90211
11 66 110.09403
11 67 135.48949
11 68 124.52293
11 69 45.59028
11 70 114.60247
11 71 75.53666
11 72 119.38734
11 73 99.35204
11 74 89.62536
11 75 117.55565
11 76 61.50647
11 77 95.84310
11 78 110.89552
11 79 124.57586
11 80 92.50596
11 81 88.93938
11 82 93.75949
11 83 81.71103
11 84 108.92427
11 85 96.84136
11 86 116.06040
11 87 96.87872
11 88 103.50778
11 89 107.93036
11 90 42.48080
11 91 105.87566
11 92 67.26394
11 93 89.92976
11 94 75.41146
11 95 100.79253
11 96 109.73961
11 97 92.91673
11 98 103.47916
11 99 116.14456
12 13 70.47618
12 14 81.29205
12 15 79.11116
12 16 73.96849
12 17 101.13234
12 18 70.23871
12 19 115.56645
12 20 96.94953
12 21 65.39774
12 22 95.01505
12 23 95.52328
12 24 113.55251
12 25 71.24267
12 26 72.19241
12 27 41.39983
12 28 61.89565
12 29 82.51793
12 30 112.55101
12 31 76.38661
12 32 69.20174
12 33 92.77018
12 34 96.35477
12 35 96.66476
12 36 101.67471
12 37 68.13146
12 38 99.20702
12 39 79.67540
12 40 111.20871
12 41 93.98615
12 42 87.51413
12 43 89.38254
12 44 93.94942
12 45 82.76358
12 46 69.47282
12 47 94.54076
12 48 71.05652
12 49 88.08678
12 50 98.37981
12 51 88.52456
12 52 74.68961
12 53 48.09418
12 54 87.54321
12 55 89.02740
12 56 103.52509
12 57 81.89828
12 58 105.89896
12 59 69.97903
12 60 97.16357
12 61 88.62820
12 62 78.68370
12 63 78.07504
12 64 67.75070
12 65 101.64145
12 66 91.00782
12 67 97.01347
12 68 94.36039
12 69 79.73676
12 70 67.36264
12 71 65.17490
12 72 101.91342
12 73 84.00061
12 74 82.81963
12 75 118.95155
12 76 85.26062
12 77 92.13294
12 78 80.59730
12 79 95.59239
12 80 77.14903
12 81 69.06530
12 82 78.81718
12 83 66.25633
12 84 86.61642
12 85 65.36468
12 86 99.40226
12 87 89.58451
12 88 61.69585
12 89 68.38301
12 90 50.49601
12 91 86.34105
12 92 52.21254
12 93 95.69962
12 94 101.03351
12 95 77.56520
12 96 114.05013
12 97 54.99446
12 98 54.54203
12 99 86.01923
13 14 100.38428
13 15 97.40745
13 16 88.08741
13 17 78.55919
13 18 107.39159
13 19 93.25245
13 20 110.26781
13 21 81.00433
13 22 63.23935
13 23 96.84656
13 24 147.49605
13 25 122.30650
13 26 74.97062
13 27 72.86052
13 28 76.53932
13 29 65.36344
13 30 88.90887
13 31 95.41791
13 32 104.56674
13 33 82.46539
13 34 71.07068
13 35 119.56866
13 36 70.05326
13 37 75.41663
13 38 110.59287
13 39 105.66503
13 40 127.05588
13 41 129.29573
13 42 85.51582
13 43 55.00952
13 44 84.93876
13 45 119.32933
13 46 101.82540
13 47 62.06170
13 48 66.41045
13 49 77.69112
13 50 119.15954
13 51 79.03580
13 52 71.66450
13 53 99.43530
13 54 33.77858
13 55 92.77827
13 56 92.12196
13 57 114.89227
13 58 80.31043
13 59 72.41531
13 60 98.74103
13 61 87.07427
13 62 101.52227
13 63 82.29411
13 64 93.56139
13 65 61.98651
13 66 98.33452
13 67 92.77001
13 68 80.95192
13 69 100.79937
13 70 90.52776
13 71 92.56614
13 72 75.49316
13 73 92.33878
13 74 77.96687
13 75 105.76485
13 76 113.62137
13 77 127.06133
13 78 83.39612
13 79 83.48003
13 80 98.32149
13 81 89.94241
13 82 63.08204
13 83 91.07764
13 84 75.56151
13 85 102.48393
13 86 89.66131
13 87 93.00768
13 88 62.66256
13 89 72.20245
13 90 95.38643
13 91 79.83241
13 92 64.19185
13 93 104.17307
13 94 107.24541
13 95 96.83989
13 96 131.73982
13 97 65.10909
13 98 74.29343
13 99 89.03938
14 15 111.66786
14 16 100.49271
14 17 88.47874
14 18 83.28574
14 19 106.61534
14 20 116.14134
14 21 92.77685
14 22 111.78052
14 23 97.53188
14 24 103.77344
14 25 105.59124
14 26 101.96090
14 27 70.93763
14 28 83.68448
14 29 124.48303
14 30 99.35400
14 31 82.18098
14 32 111.14243
14 33 63.26168
14 34 100.69638
14 35 92.13221
14 36 99.13282
14 37 98.68591
14 38 113.57964
14 39 107.07964
14 40 133.11783
14 41 77.61024
14 42 114.58517
14 43 84.16808
14 44 55.37424
14 45 135.16449
14 46 114.51874
14 47 82.24615
14 48 61.92234
14 49 61.55918
14 50 84.54578
14 51 62.82840
14 52 85.66112
14 53 90.02132
14 54 120.66358
14 55 123.60754
14 56 137.96080
14 57 120.00232
14 58 116.84429
14 59 91.27757
14 60 92.10200
14 61 125.86981
14 62 94.94805
14 63 78.71454
14 64 98.24210
14 65 99.01167
14 66 96.78839
14 67 114.21519
14 68 69.74838
14 69 123.48492
14 70 109.81464
14 71 80.33313
14 72 87.10504
14 73 112.75466
14 74 87.15499
14 75 136.14357
14 76 92.55283
14 77 134.08626
14 78 119.29451
14 79 82.31875
14 80 67.12090
14 81 70.50330
14 82 94.64391
14 83 96.14019
14 84 115.27907
14 85 118.06974
14 86 119.45008
14 87 133.12891
14 88 123.66232
14 89 77.32788
14 90 68.39233
14 91 82.87768
14 92 68.01933
14 93 154.37816
14 94 86.99525
14 95 93.35912
14 96 131.17227
14 97 107.28671
14 98 86.67188
14 99 117.59234
15 16 117.91664
15 17 107.35355
15 18 67.54603
15 19 79.31630
15 20 146.88634
15 21 129.88913
15 22 100.97719
15 23 104.15213
15 24 97.32895
15 25 115.83004
15 26 35.02993
15 27 80.39374
15 28 108.18202
15 29 125.67285
15 30 106.13013
15 31 47.76329
15 32 82.18508
15 33 81.83875
15 34 88.52299
15 35 82.49440
15 36 137.36992
15 37 101.12831
15 38 74.05990
15 39 24.04966
15 40 91.44349
15 41 113.66993
15 42 90.79874
15 43 98.93390
15 44 109.34251
15 45 80.12437
15 46 60.82139
15 47 120.02004
15 48 91.70866
15 49 129.43069
15 50 95.84922
15 51 112.79115
15 52 100.67300
15 53 79.51257
15 54 115.38581
15 55 96.48505
15 56 86.63218
15 57 84.72825
15 58 126.60300
15 59 81.46545
15 60 106.12397
15 61 103.85934
15 62 87.94885
15 63 84.12031
15 64 103.98410
15 65 131.03239
15 66 67.12448
15 67 119.04955
15 68 101.75049
15 69 84.05254
15 70 90.35261
15 71 70.87987
15 72 105.67788
15 73 60.67036
15 74 54.86631
15 75 69.14000
15 76 90.78817
15 77 132.54141
15 78 86.49574
15 79 108.64806
15 80 131.52974
15 81 62.59374
15 82 124.84066
15 83 72.38182
15 84 128.19156
15 85 98.55241
15 86 107.15685
15 87 101.63997
15 88 86.62494
15 89 105.41164
15 90 72.01775
15 91 91.13392
15 92 63.74134
15 93 101.11983
15 94 90.69875
15 95 51.74057
15 96 133.10966
15 97 88.67416
15 98 125.71727
15 99 90.26318
16 17 105.17339
16 18 93.10779
16 19 129.24789
16 20 91.90918
16 21 77.60874
16 22 108.94084
16 23 64.93763
16 24 119.28075
16 25 100.12961
16 26 92.60008
16 27 71.88918
16 28 103.32989
16 29 72.07375
16 30 95.82276
16 31 126.21190
16 32 105.39120
16 33 105.78532
16 34 117.40684
16 35 97.15247
16 36 70.50957
16 37 107.89503
16 38 114.38130
16 39 125.15930
16 40 126.60894
16 41 128.06044
16 42 109.84008
16 43 92.50881
16 44 105.07631
16 45 127.27931
16 46 112.88496
16 47 85.42268
16 48 93.42435
16 49 103.57392
16 50 121.93297
16 51 89.51073
16 52 71.81500
16 53 91.64378
16 54 89.31689
16 55 74.05933
16 56 99.84723
16 57 72.80252
16 58 122.75413
16 59 75.76833
16 60 107.51721
16 61 99.76472
16 62 97.38617
16 63 94.95318
16 64 82.66959
16 65 76.36378
16 66 110.67657
16 67 106.94530
16 68 118.12993
16 69 112.49033
16 70 81.25562
16 71 85.24872
16 72 94.48277
16 73 134.58113
16 74 95.34928
16 75 145.96672
16 76 116.49403
16 77 120.87993
16 78 129.04749
16 79 101.72798
16 80 66.39945
16 81 103.33434
16 82 62.84010
16 83 76.65114
16 84 57.84118
16 85 113.03423
16 86 91.65403
16 87 82.79232
16 88 95.54893
16 89 89.22891
16 90 90.88139
16 91 100.50055
16 92 78.99955
16 93 82.48063
16 94 94.63686
16 95 108.09835
16 96 107.51926
16 97 57.74978
16 98 91.18961
16 99 124.23449
17 18 119.57291
17 19 79.47836
17 20 126.92612
17 21 123.03043
17 22 50.14409
17 23 91.41242
17 24 126.65768
17 25 128.06706
17 26 83.93966
17 27 84.72260
17 28 78.48113
17 29 111.25228
17 30 75.09641
17 31 92.91800
17 32 92.54768
17 33 71.07193
17 34 107.40973
17 35 111.77238
17 36 103.93983
17 37 128.43633
17 38 84.85681
17 39 110.23714
17 40 96.61300
17 41 104.05540
17 42 76.55106
17 43 52.29874
17 44 62.43331
17 45 117.17801
17 46 101.76245
17 47 40.97726
17 48 50.60654
17 49 68.01818
17 50 96.48623
17 51 72.54362
17 52 91.04479
17 53 123.42111
17 54 78.37167
17 55 107.14680
17 56 109.98554
17 57 131.35229
17 58 64.27379
17 59 105.47755
17 60 39.78634
17 61 76.28027
17 62 128.17596
17 63 88.15751
17 64 131.92496
17 65 63.10883
17 66 91.86100
17 67 67.54831
17 68 92.26901
17 69 144.40871
17 70 99.37299
17 71 112.10720
17 72 77.85173
17 73 120.49883
17 74 64.40880
17 75 96.30203
17 76 124.27713
17 77 140.95796
17 78 121.97832
17 79 44.21670
17 80 90.42934
17 81 70.64695
17 82 101.10985
17 83 103.74848
17 84 88.26775
17 85 115.26949
17 86 69.31525
17 87 93.18573
17 88 117.48524
17 89 63.79687
17 90 103.44224
17 91 112.29115
17 92 81.33691
17 93 131.06792
17 94 95.72354
17 95 109.78699
17 96 99.61386
17 97 104.01921
17 98 110.12846
17 99 81.66855
18 19 96.92573
18 20 130.62921
18 21 111.15526
18 22 121.70533
18 23 87.72139
18 24 76.40815
18 25 84.56300
18 26 70.53882
18 27 75.47370
18 28 116.98728
18 29 114.45534
18 30 111.62334
18 31 70.47028
18 32 95.58722
18 33 82.68566
18 34 88.70347
18 35 62.67162
18 36 116.78624
18 37 95.12838
18 38 97.42935
18 39 62.11547
18 40 109.24142
18 41 93.48521
18 42 114.29858
18 43 100.10813
18 44 102.48148
18 45 114.91614
18 46 87.87202
18 47 121.21523
18 48 86.67080
18 49 122.46367
18 50 110.84144
18 51 97.32098
18 52 102.17566
18 53 74.48092
18 54 126.66782
18 55 81.98022
18 56 116.24483
18 57 55.95301
18 58 150.45309
18 59 56.44592
18 60 118.15508
18 61 131.58858
18 62 39.25367
18 63 77.16972
18 64 59.21268
18 65 127.86743
18 66 65.39699
18 67 126.32471
18 68 84.14197
18 69 96.29959
18 70 77.53986
18 71 49.04123
18 72 91.23965
18 73 81.88975
18 74 74.73378
18 75 117.95602
18 76 88.89693
18 77 142.06165
18 78 95.47128
18 79 104.77605
18 80 110.24175
18 81 72.97842
18 82 111.57326
18 83 66.66050
18 84 120.27666
18 85 113.08531
18 86 116.36623
18 87 117.85612
18 88 90.76970
18 89 102.19221
18 90 68.05378
18 91 65.27628
18 92 56.07788
18 93 117.79234
18 94 87.96944
18 95 35.44425
18 96 143.14465
18 97 74.54733
18 98 107.97346
18 99 114.15587
19 20 147.22652
19 21 151.69872
19 22 76.50023
19 23 90.04103
19 24 108.08334
19 25 143.13031
19 26 66.85889
19 27 111.45512
19 28 121.71055
19 29 122.76205
19 30 74.01904
19 31 72.37072
19 32 117.00823
19 33 65.00814
19 34 82.33654
19 35 87.58661
19 36 118.36609
19 37 130.31708
19 38 77.08528
19 39 82.54768
19 40 97.98891
19 41 125.57124
19 42 112.49786
19 43 74.83607
19 44 78.23460
19 45 132.42511
19 46 113.60873
19 47 94.90005
19 48 80.73970
19 49 112.44738
19 50 119.98691
19 51 83.18395
19 52 115.61296
19 53 132.50346
19 54 104.97914
19 55 98.24860
19 56 116.30242
19 57 117.40294
19 58 116.12782
19 59 92.77859
19 60 102.51318
19 61 118.86545
19 62 104.04597
19 63 98.53592
19 64 122.87154
19 65 104.90843
19 66 51.45221
19 67 120.62843
19 68 77.22223
19 69 130.01587
19 70 107.87901
19 71 106.33339
19 72 57.73047
19 73 81.05618
19 74 57.30064
19 75 59.37528
19 76 111.22411
19 77 181.68643
19 78 96.25137
19 79 73.91345
19 80 139.81813
19 81 85.55062
19 82 130.86093
19 83 111.92964
19 84 121.38982
19 85 147.26657
19 86 90.61277
19 87 114.31037
19 88 113.23204
19 89 111.49043
19 90 113.42961
19 91 87.27270
19 92 70.56610
19 93 137.47900
19 94 86.65839
19 95 71.34505
19 96 143.39070
19 97 106.57353
19 98 139.88461
19 99 93.88733
20 21 114.45816
20 22 112.60661
20 23 88.18596
20 24 129.26892
20 25 123.03921
20 26 128.13330
20 27 119.94147
20 28 93.53690
20 29 84.67525
20 30 113.62653
20 31 138.39670
20 32 129.87201
20 33 140.26448
20 34 158.69946
20 35 112.13550
20 36 107.20374
20 37 142.65726
20 38 117.02721
20 39 151.09586
20 40 140.31593
20 41 153.19473
20 42 159.85854
20 43 135.87688
20 44 98.42332
20 45 135.34009
20 46 151.72430
20 47 106.85278
20 48 123.86610
20 49 93.87894
20 50 142.79176
20 51 80.20006
20 52 113.34074
20 53 125.69725
20 54 109.97742
20 55 117.65993
20 56 158.86522
20 57 123.65047
20 58 110.40530
20 59 133.31537
20 60 137.35956
20 61 107.64518
20 62 140.45024
20 63 154.00862
20 64 126.18439
20 65 102.11199
20 66 122.85613
20 67 148.40196
20 68 144.89310
20 69 122.98518
20 70 120.70241
20 71 140.91563
20 72 114.28467
20 73 132.61761
20 74 138.70660
20 75 149.95880
20 76 94.28151
20 77 157.71101
20 78 117.81899
20 79 111.83776
20 80 100.88041
20 81 139.95268
20 82 118.36266
20 83 144.66641
20 84 72.16763
20 85 149.03590
20 86 96.90445
20 87 94.85505
20 88 127.15916
20 89 129.43706
20 90 115.66934
20 91 141.40944
20 92 94.69315
20 93 125.21335
20 94 112.22820
20 95 137.71605
20 96 101.50014
20 97 104.45460
20 98 102.10685
20 99 116.91442
21 22 128.78204
21 23 121.94978
21 24 158.79611
21 25 113.74503
21 26 115.13534
21 27 62.64166
21 28 88.79221
21 29 97.82283
21 30 128.91649
21 31 125.56859
21 32 123.10529
21 33 109.16377
21 34 106.00621
21 35 136.48154
21 36 81.88377
21 37 59.10560
21 38 151.78728
21 39 134.34241
21 40 167.06537
21 41 128.45876
21 42 110.87270
21 43 100.16482
21 44 114.76580
21 45 138.92047
21 46 118.70409
21 47 98.01278
21 48 96.07889
21 49 92.44662
21 50 118.68616
21 51 107.82495
21 52 67.08014
21 53 73.50912
21 54 98.82502
21 55 126.14827
21 56 116.64335
21 57 120.74064
21 58 124.52701
21 59 87.24143
21 60 124.65890
21 61 122.07169
21 62 107.43250
21 63 88.43507
21 64 86.09023
21 65 98.40318
21 66 141.13603
21 67 118.87012
21 68 109.66615
21 69 103.27435
21 70 112.74303
21 71 83.72089
21 72 122.34536
21 73 134.09962
21 74 115.95847
21 75 167.18282
21 76 123.36526
21 77 90.40947
21 78 128.10533
21 79 127.07827
21 80 67.50425
21 81 107.10187
21 82 43.92947
21 83 87.32725
21 84 102.51500
21 85 93.85953
21 86 138.12383
21 87 129.33734
21 88 94.97265
21 89 82.54181
21 90 83.47535
21 91 96.39367
21 92 93.68404
21 93 123.55440
21 94 125.80016
21 95 124.46127
21 96 146.86557
21 97 86.65232
21 98 54.99712
21 99 138.62144
22 23 92.11610
22 24 133.87292
22 25 123.64651
22 26 79.09821
22 27 97.53480
22 28 77.27514
22 29 85.21156
22 30 85.71664
22 31 92.99758
22 32 87.58469
22 33 94.86423
22 34 108.85559
22 35 115.50082
22 36 108.04701
22 37 128.51656
22 38 76.13158
22 39 105.06836
22 40 85.34350
22 41 121.58773
22 42 88.35754
22 43 67.96955
22 44 77.00232
22 45 104.86797
22 46 101.10246
22 47 62.94702
22 48 66.82868
22 49 81.90122
22 50 122.62417
22 51 76.84715
22 52 105.41091
22 53 128.87607
22 54 54.18109
22 55 90.81932
22 56 114.12416
22 57 125.49709
22 58 58.33273
22 59 105.91179
22 60 73.06075
22 61 65.18073
22 62 125.73163
22 63 107.93240
22 64 126.33999
22 65 71.60074
22 66 81.08617
22 67 78.67908
22 68 100.09772
22 69 134.45830
22 70 87.11359
22 71 123.25901
22 72 76.47926
22 73 98.66283
22 74 77.82327
22 75 76.88929
22 76 119.71600
22 77 151.30609
22 78 90.17908
22 79 49.98691
22 80 113.52451
22 81 89.47343
22 82 110.65527
22 83 115.33147
22 84 73.69425
22 85 117.29898
22 86 48.06499
22 87 72.18852
22 88 93.82456
22 89 81.03932
22 90 113.88345
22 91 115.87344
22 92 76.19038
22 93 115.77142
22 94 108.62337
22 95 104.16640
22 96 102.91772
22 97 88.56161
22 98 105.52144
22 99 50.62730
23 24 81.26832
23 25 120.30224
23 26 77.42667
23 27 97.09622
23 28 111.49454
23 29 88.50893
23 30 54.66425
23 31 108.61929
23 32 112.54133
23 33 89.64277
23 34 117.47208
23 35 54.24748
23 36 84.27248
23 37 132.78369
23 38 75.62616
23 39 112.16618
23 40 102.48254
23 41 132.80821
23 42 126.83073
23 43 93.41989
23 44 77.02238
23 45 128.29483
23 46 123.42744
23 47 82.30750
23 48 94.60011
23 49 102.06108
23 50 115.66660
23 51 61.40772
23 52 88.13039
23 53 113.08385
23 54 99.43318
23 55 70.42271
23 56 110.39523
23 57 75.98563
23 58 115.75735
23 59 88.51658
23 60 105.49907
23 61 99.93820
23 62 102.59499
23 63 110.17551
23 64 105.05435
23 65 78.12115
23 66 74.18118
23 67 124.10709
23 68 111.31070
23 69 114.46828
23 70 93.57861
23 71 99.07484
23 72 63.20045
23 73 115.11683
23 74 79.89965
23 75 109.60686
23 76 91.37077
23 77 160.28883
23 78 117.23987
23 79 80.94351
23 80 96.87336
23 81 101.68137
23 82 102.42617
23 83 99.98599
23 84 69.97175
23 85 143.23848
23 86 66.10358
23 87 75.61290
23 88 114.29623
23 89 110.77289
23 90 97.22262
23 91 100.11408
23 92 62.54980
23 93 97.29441
23 94 55.07579
23 95 92.01778
23 96 97.84353
23 97 79.80703
23 98 122.66870
23 99 110.61612
24 25 118.40531
24 26 96.12566
24 27 116.78393
24 28 133.37582
24 29 148.48094
24 30 107.59048
24 31 94.65083
24 32 112.87143
24 33 107.87899
24 34 145.76303
24 35 37.42426
24 36 150.72040
24 37 156.79793
24 38 73.67786
24 39 94.56174
24 40 96.70815
24 41 116.17393
24 42 148.75845
24 43 136.01448
24 44 103.64651
24 45 121.28949
24 46 121.21925
24 47 136.02568
24 48 119.12779
24 49 136.41649
24 50 109.25590
24 51 102.71072
24 52 128.80624
24 53 115.27523
24 54 158.88785
24 55 111.04595
24 56 145.87773
24 57 87.79668
24 58 154.92313
24 59 119.76443
24 60 123.25002
24 61 134.03055
24 62 110.85385
24 63 128.57817
24 64 126.78761
24 65 145.54257
24 66 75.06137
24 67 152.90604
24 68 131.07332
24 69 128.12303
24 70 114.69470
24 71 107.42115
24 72 112.07200
24 73 114.90179
24 74 98.63674
24 75 116.92988
24 76 82.48898
24 77 173.17436
24 78 131.70345
24 79 112.22272
24 80 128.06673
24 81 100.15303
24 82 155.19797
24 83 115.68681
24 84 134.67587
24 85 151.91296
24 86 111.70928
24 87 117.80591
24 88 146.85358
24 89 138.03072
24 90 94.25887
24 91 125.15995
24 92 86.39668
24 93 137.30141
24 94 73.00068
24 95 86.98495
24 96 116.85165
24 97 121.97968
24 98 153.08740
24 99 124.46232
25 26 115.34357
25 27 88.53205
25 28 104.04047
25 29 107.22185
25 30 154.84723
25 31 108.06470
25 32 69.13283
25 33 133.11205
25 34 137.31476
25 35 118.68950
25 36 141.24783
25 37 123.59856
25 38 119.09039
25 39 104.07027
25 40 104.60598
25 41 72.74380
25 42 114.19894
25 43 120.73458
25 44 126.82759
25 45 105.21056
25 46 88.12791
25 47 132.33360
25 48 92.68560
25 49 123.49301
25 50 142.74046
25 51 119.30987
25 52 134.33858
25 53 101.77580
25 54 127.54977
25 55 91.96799
25 56 153.42758
25 57 91.42551
25 58 148.37173
25 59 100.18405
25 60 113.27811
25 61 125.66965
25 62 87.19223
25 63 109.49342
25 64 78.67049
25 65 138.82349
25 66 103.30412
25 67 101.44884
25 68 117.80916
25 69 142.15416
25 70 54.85442
25 71 104.26589
25 72 126.65986
25 73 119.21827
25 74 118.32969
25 75 152.43912
25 76 128.99278
25 77 131.32181
25 78 108.63926
25 79 104.99595
25 80 103.95792
25 81 96.19447
25 82 126.09361
25 83 99.75272
25 84 109.09049
25 85 93.57924
25 86 114.91104
25 87 115.26111
25 88 94.24896
25 89 89.51618
25 90 101.05663
25 91 121.13329
25 92 95.98190
25 93 132.96840
25 94 141.65569
25 95 95.25202
25 96 131.62944
25 97 81.09303
25 98 83.31369
25 99 100.91320
26 27 68.13924
26 28 96.45860
26 29 103.17392
26 30 76.75975
26 31 60.66253
26 32 80.53756
26 33 66.73386
26 34 79.95279
26 35 73.03138
26 36 109.71665
26 37 97.22317
26 38 63.68614
26 39 51.97852
26 40 86.72224
26 41 116.20292
26 42 79.48846
26 43 75.90787
26 44 91.27582
26 45 85.65553
26 46 67.58740
26 47 91.73106
26 48 76.95254
26 49 110.90445
26 50 89.71480
26 51 91.65015
26 52 77.21375
26 53 79.96151
26 54 89.32324
26 55 77.77976
26 56 65.28069
26 57 75.93885
26 58 105.72838
26 59 67.90503
26 60 89.35741
26 61 82.95616
26 62 87.37647
26 63 74.08063
26 64 98.16418
26 65 99.64378
26 66 61.95436
26 67 103.23104
26 68 94.09190
26 69 82.93834
26 70 80.51505
26 71 66.53448
26 72 82.78906
26 73 72.64101
26 74 33.76005
26 75 65.68388
26 76 88.91958
26 77 127.61641
26 78 89.13882
26 79 89.42908
26 80 111.90166
26 81 59.45849
26 82 100.98853
26 83 62.33153
26 84 100.37098
26 85 98.78846
26 86 82.43891
26 87 78.26016
26 88 79.32101
26 89 90.53291
26 90 69.73995
26 91 82.03633
26 92 48.53354
26 93 81.39219
26 94 71.13811
26 95 58.25480
26 96 114.29986
26 97 70.89339
26 98 115.11216
26 99 84.47533
27 28 68.66299
27 29 101.67282
27 30 103.09448
27 31 78.44376
27 32 73.38999
27 33 71.90060
27 34 87.32252
27 35 100.27573
27 36 96.78798
27 37 67.40623
27 38 103.95864
27 39 83.18154
27 40 115.86488
27 41 86.32323
27 42 63.30421
27 43 71.07571
27 44 90.84460
27 45 93.67628
27 46 63.80799
27 47 80.33290
27 48 58.08907
27 49 84.93002
27 50 76.68282
27 51 91.95089
27 52 55.32160
27 53 47.16607
27 54 90.70539
27 55 98.34057
27 56 84.42237
27 57 90.86359
27 58 103.90407
27 59 65.53630
27 60 76.18658
27 61 88.70479
27 62 85.77898
27 63 47.69510
27 64 81.17976
27 65 91.95103
27 66 99.49830
27 67 81.37731
27 68 88.35106
27 69 94.24654
27 70 78.00761
27 71 49.02014
27 72 101.18468
27 73 104.27827
27 74 64.46390
27 75 122.29978
27 76 101.52905
27 77 78.50431
27 78 109.15041
27 79 92.97899
27 80 60.84706
27 81 47.93053
27 82 63.98096
27 83 41.67610
27 84 95.18961
27 85 59.00026
27 86 104.97816
27 87 98.79889
27 88 81.05473
27 89 48.37861
27 90 44.70354
27 91 82.11454
27 92 61.91628
27 93 101.79016
27 94 93.70411
27 95 84.57350
27 96 114.23550
27 97 69.79150
27 98 69.90235
27 99 100.53593
28 29 102.64667
28 30 111.18548
28 31 88.25107
28 32 79.37422
28 33 100.32706
28 34 123.00330
28 35 120.60365
28 36 115.55298
28 37 102.50208
28 38 99.84728
28 39 108.75153
28 40 115.73580
28 41 100.82374
28 42 91.90709
28 43 93.79890
28 44 77.29936
28 45 87.26105
28 46 92.60817
28 47 75.39949
28 48 71.24729
28 49 54.51653
28 50 89.63420
28 51 82.18871
28 52 84.92529
28 53 88.49485
28 54 85.77401
28 55 123.35925
28 56 125.15015
28 57 131.39333
28 58 58.82927
28 59 114.33435
28 60 76.79340
28 61 67.99218
28 62 128.38782
28 63 103.79274
28 64 120.53207
28 65 91.87309
28 66 110.26892
28 67 90.27377
28 68 109.42385
28 69 113.00851
28 70 100.40983
28 71 109.39410
28 72 112.69686
28 73 106.16268
28 74 97.79661
28 75 117.70103
28 76 95.98046
28 77 99.25589
28 78 100.36797
28 79 84.00667
28 80 74.77020
28 81 79.64442
28 82 96.66499
28 83 106.96727
28 84 89.39285
28 85 80.37395
28 86 93.96966
28 87 93.80920
28 88 101.95981
28 89 66.81809
28 90 75.44955
28 91 121.65073
28 92 76.86589
28 93 125.44499
28 94 110.83775
28 95 115.96728
28 96 93.69377
28 97 98.43956
28 98 66.55663
28 99 73.61816
29 30 111.99400
29 31 129.36076
29 32 112.81484
29 33 125.46518
29 34 113.98464
29 35 123.28289
29 36 76.92278
29 37 112.55623
29 38 120.28811
29 39 130.96744
29 40 127.11189
29 41 144.72536
29 42 122.01392
29 43 94.57501
29 44 110.52778
29 45 132.69763
29 46 125.09895
29 47 92.90063
29 48 97.50271
29 49 104.87218
29 50 157.80289
29 51 90.55579
29 52 106.45596
29 53 122.52419
29 54 55.34689
29 55 67.75017
29 56 124.65795
29 57 100.09960
29 58 112.74234
29 59 87.19831
29 60 125.97697
29 61 102.70297
29 62 104.22835
29 63 119.60517
29 64 85.85022
29 65 79.02680
29 66 105.98555
29 67 110.93436
29 68 113.63287
29 69 121.99303
29 70 77.49756
29 71 118.08979
29 72 86.64821
29 73 114.92836
29 74 113.27232
29 75 134.44958
29 76 127.60847
29 77 151.97432
29 78 91.67604
29 79 95.37491
29 80 109.33231
29 81 124.46017
29 82 86.06966
29 83 113.72845
29 84 45.92375
29 85 126.95957
29 86 81.82886
29 87 82.22889
29 88 67.28710
29 89 100.64935
29 90 122.07891
29 91 106.02820
29 92 83.42965
29 93 96.75784
29 94 126.35225
29 95 111.03065
29 96 130.15186
29 97 49.43811
29 98 81.81037
29 99 100.77736
30 31 105.99709
30 32 130.78291
30 33 67.81390
30 34 106.07320
30 35 78.38313
30 36 83.93275
30 37 130.79382
30 38 85.32301
30 39 118.59113
30 40 122.11168
30 41 147.11314
30 42 122.83213
30 43 82.05121
30 44 64.16189
30 45 140.07256
30 46 132.93578
30 47 64.98795
30 48 94.45966
30 49 93.10321
30 50 100.00401
30 51 62.48832
30 52 76.02678
30 53 122.32918
30 54 96.53096
30 55 106.14124
30 56 99.52129
30 57 115.20430
30 58 97.13132
30 59 101.47509
30 60 101.28522
30 61 100.00789
30 62 125.45303
30 63 107.40493
30 64 131.74597
30 65 67.20531
30 66 89.83133
30 67 129.15279
30 68 106.54318
30 69 116.18575
30 70 123.80200
30 71 106.68200
30 72 63.55360
30 73 118.06048
30 74 70.55095
30 75 95.82372
30 76 97.61708
30 77 163.71275
30 78 127.42011
30 79 85.60542
30 80 107.13877
30 81 100.77525
30 82 102.09469
30 83 109.84346
30 84 93.83250
30 85 151.04962
30 86 82.91007
30 87 96.15131
30 88 129.14441
30 89 113.60493
30 90 102.49923
30 91 101.15267
30 92 72.33237
30 93 116.17980
30 94 46.64120
30 95 107.02302
30 96 111.71490
30 97 106.67044
30 98 135.69629
30 99 118.15711
31 32 82.30246
31 33 67.92085
31 34 87.38214
31 35 84.83774
31 36 134.90569
31 37 99.24944
31 38 76.35818
31 39 38.07042
31 40 94.96685
31 41 86.53368
31 42 95.39128
31 43 90.99469
31 44 82.21401
31 45 89.63464
31 46 72.33989
31 47 108.06841
31 48 70.97221
31 49 102.23814
31 50 85.38107
31 51 92.42346
31 52 103.93067
31 53 84.73557
31 54 116.96062
31 55 111.43488
31 56 116.85281
31 57 107.90536
31 58 113.57577
31 59 89.83975
31 60 93.63584
31 61 109.00349
31 62 89.51030
31 63 82.22451
31 64 105.56336
31 65 125.64891
31 66 60.94451
31 67 113.28616
31 68 78.15985
31 69 99.96942
31 70 95.69431
31 71 78.88471
31 72 96.23140
31 73 52.87941
31 74 61.44992
31 75 75.29173
31 76 80.27094
31 77 137.08215
31 78 77.54655
31 79 88.86349
31 80 119.74483
31 81 48.90935
31 82 125.61800
31 83 89.33070
31 84 129.71629
31 85 100.91023
31 86 108.47636
31 87 115.85200
31 88 98.20691
31 89 92.07098
31 90 66.25706
31 91 87.05658
31 92 56.05493
31 93 133.54608
31 94 91.49541
31 95 54.21933
31 96 132.90543
31 97 100.62966
31 98 110.19074
31 99 78.48567
32 33 113.77686
32 34 129.41734
32 35 111.72746
32 36 145.52354
32 37 124.56870
32 38 78.94125
32 39 75.88405
32 40 62.64811
32 41 78.34757
32 42 70.04738
32 43 102.18020
32 44 114.06058
32 45 50.60658
32 46 40.85630
32 47 110.84260
32 48 77.73164
32 49 114.33071
32 50 109.19015
32 51 115.48952
32 52 115.65892
32 53 93.91037
32 54 106.26315
32 55 91.74237
32 56 116.41009
32 57 97.80056
32 58 108.19806
32 59 104.99030
32 60 70.35767
32 61 75.30943
32 62 110.26729
32 63 97.34586
32 64 111.00159
32 65 123.53564
32 66 89.91816
32 67 69.56013
32 68 120.57978
32 69 129.52678
32 70 56.43159
32 71 101.84902
32 72 122.45862
32 73 104.89293
32 74 85.08772
32 75 106.85369
32 76 119.43211
32 77 109.11267
32 78 103.84277
32 79 87.94175
32 80 104.67397
32 81 64.35562
32 82 124.44563
32 83 85.32146
32 84 101.88880
32 85 63.81602
32 86 84.85569
32 87 79.83388
32 88 90.37057
32 89 72.75032
32 90 86.92123
32 91 127.60974
32 92 86.04622
32 93 106.52034
32 94 122.65591
32 95 92.33202
32 96 95.21101
32 97 84.47335
32 98 99.74917
32 99 61.10706
33 34 64.13892
33 35 85.65800
33 36 93.63312
33 37 93.31753
33 38 98.47574
33 39 86.27665
33 40 123.66511
33 41 105.04637
33 42 93.34679
33 43 56.31865
33 44 62.06884
33 45 131.51291
33 46 103.08044
33 47 72.67997
33 48 60.25985
33 49 85.02430
33 50 76.83287
33 51 73.12088
33 52 71.08050
33 53 94.60365
33 54 104.97053
33 55 112.69228
33 56 97.16354
33 57 113.83917
33 58 109.79698
33 59 73.87052
33 60 86.02022
33 61 115.68819
33 62 93.46072
33 63 56.44655
33 64 106.74123
33 65 88.69581
33 66 81.95363
33 67 109.98372
33 68 59.81370
33 69 110.81089
33 70 111.22202
33 71 66.91781
33 72 68.67783
33 73 98.07280
33 74 43.56096
33 75 99.84411
33 76 99.47679
33 77 141.07014
33 78 115.07602
33 79 82.13940
33 80 96.99949
33 81 57.42020
33 82 91.37661
33 83 78.85843
33 84 118.83696
33 85 120.95814
33 86 110.07475
33 87 123.16823
33 88 113.27991
33 89 82.72044
33 90 74.82513
33 91 63.31657
33 92 60.30342
33 93 135.18117
33 94 67.64299
33 95 77.37466
33 96 137.44440
33 97 102.13020
33 98 113.78944
33 99 113.73370
34 35 118.75126
34 36 93.14840
34 37 67.64246
34 38 131.23320
34 39 92.75544
34 40 146.36847
34 41 127.75238
34 42 101.00362
34 43 63.53316
34 44 104.26904
34 45 148.36464
34 46 110.38044
34 47 102.16550
34 48 79.10000
34 49 114.89963
34 50 126.70575
34 51 104.11832
34 52 94.27701
34 53 105.26369
34 54 97.74202
34 55 108.68393
34 56 101.08437
34 57 116.72427
34 58 136.19418
34 59 52.51959
34 60 123.83718
34 61 139.48845
34 62 74.68267
34 63 60.38768
34 64 84.99683
34 65 107.09700
34 66 96.97179
34 67 121.48696
34 68 51.41588
34 69 109.61208
34 70 109.27929
34 71 70.58435
34 72 79.81155
34 73 89.54738
34 74 72.59495
34 75 116.16048
34 76 127.08377
34 77 152.97183
34 78 99.19811
34 79 108.64523
34 80 127.70586
34 81 88.10790
34 82 89.63725
34 83 84.10303
34 84 129.71677
34 85 124.79746
34 86 131.86143
34 87 140.16594
34 88 83.66930
34 89 96.00878
34 90 102.17001
34 91 36.42438
34 92 76.60933
34 93 136.74698
34 94 112.93498
34 95 74.69581
34 96 176.85681
34 97 89.93661
34 98 109.07256
34 99 125.39816
35 36 119.59285
35 37 132.43123
35 38 68.16422
35 39 86.33220
35 40 100.64804
35 41 121.71380
35 42 136.04787
35 43 113.41319
35 44 85.21671
35 45 119.74159
35 46 115.46878
35 47 113.56694
35 48 104.25661
35 49 119.25002
35 50 101.27425
35 51 80.09260
35 52 102.20661
35 53 100.26608
35 54 132.85558
35 55 92.35886
35 56 121.36590
35 57 72.05750
35 58 137.80193
35 59 94.35198
35 60 117.26310
35 61 120.18468
35 62 93.10881
35 63 110.76210
35 64 107.16373
35 65 119.48601
35 66 61.14093
35 67 143.55650
35 68 111.14276
35 69 102.35520
35 70 104.44094
35 71 87.48878
35 72 85.06536
35 73 97.05904
35 74 78.66674
35 75 102.17056
35 76 65.94781
35 77 163.03732
35 78 113.22601
35 79 100.03345
35 80 114.93502
35 81 91.58083
35 82 128.31201
35 83 98.66673
35 84 113.51656
35 85 143.43236
35 86 97.16933
35 87 102.18916
35 88 124.67794
35 89 124.84122
35 90 80.60128
35 91 98.14027
35 92 60.25943
35 93 115.86768
35 94 45.51318
35 95 70.80822
35 96 114.91943
35 97 98.97929
35 98 136.17955
35 99 116.10354
36 37 99.99207
36 38 139.84850
36 39 145.67621
36 40 160.61601
36 41 150.84502
36 42 128.80869
36 43 76.67626
36 44 91.67801
36 45 167.15521
36 46 146.98351
36 47 69.52657
36 48 94.26310
36 49 89.02625
36 50 138.20549
36 51 75.66216
36 52 75.13111
36 53 120.85302
36 54 78.59705
36 55 103.66307
36 56 116.40935
36 57 118.79105
36 58 120.32641
36 59 79.81290
36 60 126.75706
36 61 127.22910
36 62 108.03749
36 63 99.98039
36 64 96.24290
36 65 52.85518
36 66 121.71169
36 67 126.67406
36 68 95.04258
36 69 123.74713
36 70 117.17891
36 71 102.37665
36 72 71.27214
36 73 135.98778
36 74 104.63628
36 75 150.66728
36 76 128.68381
36 77 155.07816
36 78 129.05774
36 79 102.96538
36 80 90.10209
36 81 121.81622
36 82 51.05334
36 83 107.72791
36 84 79.31391
36 85 146.09267
36 86 112.57467
36 87 120.40463
36 88 107.36569
36 89 101.34898
36 90 115.54829
36 91 81.55035
36 92 86.48167
36 93 125.12207
36 94 103.62437
36 95 120.49422
36 96 148.34045
36 97 85.01036
36 98 96.84945
36 99 140.47131
37 38 147.52783
37 39 105.28367
37 40 164.33821
37 41 128.27885
37 42 105.31342
37 43 95.04343
37 44 118.53316
37 45 134.90175
37 46 105.46881
37 47 113.82250
37 48 94.29920
37 49 110.21342
37 50 117.59777
37 51 116.61143
37 52 78.86530
37 53 67.07116
37 54 105.17467
37 55 127.28152
37 56 106.61903
37 57 119.38723
37 58 135.43738
37 59 70.34880
37 60 133.57912
37 61 134.44267
37 62 87.23087
37 63 72.58862
37 64 78.19034
37 65 118.88815
37 66 126.27676
37 67 128.63377
37 68 87.58978
37 69 82.92285
37 70 114.78798
37 71 64.66912
37 72 117.69559
37 73 101.15341
37 74 100.97765
37 75 145.25533
37 76 117.03461
37 77 107.79932
37 78 104.51840
37 79 132.17796
37 80 107.52392
37 81 95.52536
37 82 71.86179
37 83 79.34111
37 84 129.22562
37 85 94.23534
37 86 148.01143
37 87 141.68024
37 88 78.01184
37 89 92.70828
37 90 79.24164
37 91 68.31635
37 92 84.34832
37 93 129.32002
37 94 125.36941
37 95 98.43596
37 96 170.77052
37 97 88.90230
37 98 76.65204
37 99 133.35048
38 39 77.77138
38 40 49.84605
38 41 117.69806
38 42 111.28490
38 43 107.56599
38 44 87.77380
38 45 80.43668
38 46 92.46730
38 47 104.02884
38 48 95.19129
38 49 114.72139
38 50 101.93117
38 51 89.97043
38 52 114.58109
38 53 116.26721
38 54 113.44286
38 55 91.80691
38 56 116.38040
38 57 97.92889
38 58 101.50156
38 59 115.35720
38 60 86.74120
38 61 77.96807
38 62 122.19914
38 63 119.73609
38 64 133.05922
38 65 115.03158
38 66 56.80656
38 67 114.82101
38 68 123.28973
38 69 120.55025
38 70 93.11398
38 71 114.66149
38 72 96.17021
38 73 91.58458
38 74 72.48589
38 75 59.08652
38 76 87.44836
38 77 156.39427
38 78 102.41902
38 79 79.06361
38 80 124.76832
38 81 82.75564
38 82 141.07593
38 83 110.13567
38 84 103.00013
38 85 126.29663
38 86 59.51882
38 87 68.26073
38 88 118.18401
38 89 112.77100
38 90 95.69950
38 91 126.66359
38 92 71.74870
38 93 107.16888
38 94 77.43050
38 95 86.41006
38 96 82.28423
38 97 102.55107
38 98 137.34589
38 99 68.21146
39 40 86.81769
39 41 97.50283
39 42 93.21867
39 43 102.23206
39 44 110.33187
39 45 80.93449
39 46 56.84866
39 47 126.31653
39 48 87.71867
39 49 129.94305
39 50 101.66008
39 51 114.85929
39 52 113.41866
39 53 84.11172
39 54 123.69041
39 55 99.28204
39 56 106.09752
39 57 89.00270
39 58 133.46973
39 59 84.75209
39 60 105.47632
39 61 113.22521
39 62 82.17273
39 63 84.82890
39 64 100.78681
39 65 139.40359
39 66 62.71836
39 67 116.67603
39 68 96.45362
39 69 98.40586
39 70 85.46539
39 71 74.55746
39 72 108.71211
39 73 58.16115
39 74 63.02725
39 75 77.49073
39 76 95.38525
39 77 137.31294
39 78 83.18227
39 79 105.55481
39 80 133.40776
39 81 58.20703
39 82 133.07986
39 83 78.19838
39 84 134.52373
39 85 97.34158
39 86 112.04899
39 87 111.41116
39 88 89.43274
39 89 102.96684
39 90 75.18198
39 91 92.80094
39 92 67.51029
39 93 117.39931
39 94 101.51973
39 95 44.33604
39 96 138.70076
39 97 92.98839
39 98 122.96631
39 99 86.44958
40 41 107.67842
40 42 106.50373
40 43 116.52515
40 44 116.95899
40 45 81.45436
40 46 85.24121
40 47 123.33392
40 48 100.10319
40 49 135.54210
40 50 131.70158
40 51 117.45507
40 52 142.81721
40 53 135.51865
40 54 123.00015
40 55 87.18874
40 56 134.16534
40 57 104.50622
40 58 121.91057
40 59 124.85858
40 60 87.05527
40 61 91.44099
40 62 127.03171
40 63 127.34468
40 64 137.23090
40 65 133.51556
40 66 70.79519
40 67 99.39553
40 68 134.47156
40 69 152.70213
40 70 77.13229
40 71 130.43289
40 72 115.03775
40 73 110.87119
40 74 90.61127
40 75 84.28317
40 76 127.21151
40 77 164.56720
40 78 113.49194
40 79 83.10476
40 80 138.76862
40 81 91.56504
40 82 157.18423
40 83 117.89529
40 84 111.88537
40 85 123.65701
40 86 66.52797
40 87 78.50802
40 88 119.31549
40 89 112.17088
40 90 120.26991
40 91 143.59258
40 92 97.79388
40 93 119.36638
40 94 118.68459
40 95 96.51334
40 96 96.64983
40 97 106.31368
40 98 143.38243
40 99 64.68629
41 42 99.83340
41 43 105.13435
41 44 106.99133
41 45 116.96021
41 46 87.21613
41 47 120.78018
41 48 69.92201
41 49 107.94439
41 50 114.31612
41 51 114.28470
41 52 132.95081
41 53 110.13898
41 54 140.96539
41 55 124.77599
41 56 156.77710
41 57 126.25626
41 58 139.84799
41 59 110.96497
41 60 84.31255
41 61 133.26675
41 62 103.06891
41 63 89.93865
41 64 110.15666
41 65 139.15759
41 66 102.78848
41 67 90.80093
41 68 95.95100
41 69 159.15764
41 70 89.90573
41 71 102.64515
41 72 123.49831
41 73 123.99030
41 74 101.99780
41 75 143.58345
41 76 133.42442
41 77 136.17064
41 78 127.19875
41 79 90.63485
41 80 101.64542
41 81 66.05127
41 82 134.43542
41 83 102.49828
41 84 136.66217
41 85 98.88880
41 86 127.12145
41 87 140.48759
41 88 125.46595
41 89 74.23944
41 90 96.27879
41 91 118.20117
41 92 100.49249
41 93 166.37596
41 94 134.45537
41 95 97.56095
41 96 139.14470
41 97 116.96912
41 98 102.07640
41 99 105.02415
42 43 69.87920
42 44 118.47565
42 45 95.12904
42 46 54.68391
42 47 92.15069
42 48 67.41291
42 49 112.67922
42 50 104.04491
42 51 124.43441
42 52 95.58348
42 53 99.98032
42 54 90.07378
42 55 109.41785
42 56 82.99500
42 57 121.80775
42 58 102.82211
42 59 94.00790
42 60 61.55289
42 61 85.21489
42 62 118.48655
42 63 63.77489
42 64 119.61907
42 65 105.72724
42 66 114.10120
42 67 48.75191
42 68 107.36924
42 69 135.75818
42 70 85.57795
42 71 92.41946
42 72 119.79005
42 73 123.15988
42 74 68.98244
42 75 114.90673
42 76 145.96867
42 77 98.53106
42 78 126.70187
42 79 96.73549
42 80 103.80115
42 81 59.65525
42 82 98.11828
42 83 68.93991
42 84 113.14084
42 85 62.35400
42 86 106.18990
42 87 104.52110
42 88 92.53405
42 89 52.14245
42 90 96.94576
42 91 114.09301
42 92 98.37820
42 93 113.77527
42 94 128.30571
42 95 107.16796
42 96 125.87911
42 97 93.86476
42 98 105.21085
42 99 94.66331
43 44 76.01380
43 45 131.80621
43 46 98.36922
43 47 51.19360
43 48 38.84807
43 49 79.52191
43 50 111.34908
43 51 77.38869
43 52 80.83346
43 53 111.28375
43 54 65.41843
43 55 91.28236
43 56 95.65291
43 57 115.89702
43 58 95.63963
43 59 65.99020
43 60 72.87035
43 61 101.80462
43 62 95.01069
43 63 55.16820
43 64 97.97854
43 65 60.86464
43 66 89.25851
43 67 71.54915
43 68 58.71472
43 69 131.11987
43 70 87.16132
43 71 85.12602
43 72 60.37016
43 73 109.27997
43 74 55.40029
43 75 108.23677
43 76 129.66901
43 77 138.96350
43 78 109.51626
43 79 61.56515
43 80 92.59624
43 81 69.32223
43 82 72.77026
43 83 80.79093
43 84 90.68114
43 85 110.21321
43 86 90.44792
43 87 107.89245
43 88 89.54810
43 89 54.52723
43 90 99.86503
43 91 71.91125
43 92 71.17073
43 93 125.25661
43 94 101.78426
43 95 89.70746
43 96 134.95444
43 97 80.13824
43 98 93.89770
43 99 98.27840
44 45 131.16519
44 46 123.68526
44 47 57.16117
44 48 64.36086
44 49 46.07086
44 50 91.79317
44 51 26.65704
44 52 87.36238
44 53 113.48985
44 54 98.56061
44 55 115.35147
44 56 132.82454
44 57 126.81903
44 58 83.41761
44 59 102.94700
44 60 85.11696
44 61 103.68716
44 62 114.58401
44 63 100.28391
44 64 119.11996
44 65 74.19471
44 66 80.56631
44 67 114.18076
44 68 77.85011
44 69 123.92995
44 70 113.16776
44 71 105.36283
44 72 61.63363
44 73 102.26077
44 74 79.79369
44 75 104.26562
44 76 83.88717
44 77 154.85443
44 78 106.25311
44 79 56.80115
44 80 87.00138
44 81 82.78237
44 82 103.55766
44 83 115.16531
44 84 96.00188
44 85 135.09259
44 86 87.62565
44 87 110.31565
44 88 123.82349
44 89 89.17950
44 90 88.19743
44 91 94.97980
44 92 59.66920
44 93 144.75285
44 94 70.86990
44 95 98.29197
44 96 112.16547
44 97 107.52725
44 98 102.56287
44 99 95.63251
45 46 57.89303
45 47 132.66568
45 48 111.96156
45 49 133.44101
45 50 106.74395
45 51 134.39005
45 52 122.32653
45 53 94.20083
45 54 123.69901
45 55 118.90805
45 56 117.19427
45 57 113.18971
45 58 111.10724
45 59 130.07187
45 60 99.42957
45 61 72.18954
45 62 136.56389
45 63 124.68582
45 64 137.63524
45 65 145.17209
45 66 108.34449
45 67 109.69093
45 68 148.99181
45 69 114.24939
45 70 95.10007
45 71 118.32449
45 72 147.23540
45 73 104.27676
45 74 102.64250
45 75 100.85879
45 76 109.95872
45 77 107.27451
45 78 109.54883
45 79 120.34641
45 80 128.43626
45 81 87.77878
45 82 144.62650
45 83 105.21053
45 84 122.76971
45 85 74.85582
45 86 102.86609
45 87 82.94971
45 88 106.62572
45 89 108.48875
45 90 89.73642
45 91 149.29761
45 92 99.69044
45 93 101.26431
45 94 126.49400
45 95 110.70399
45 96 94.91364
45 97 107.73590
45 98 123.42108
45 99 73.61608
46 47 118.67220
46 48 81.36134
46 49 126.29523
46 50 100.88284
46 51 127.71558
46 52 107.52753
46 53 78.51286
46 54 111.61487
46 55 100.73129
46 56 95.39554
46 57 96.94626
46 58 120.77113
46 59 92.85667
46 60 82.19057
46 61 90.06030
46 62 101.54868
46 63 77.97646
46 64 106.70051
46 65 131.97002
46 66 95.60206
46 67 80.32111
46 68 114.21024
46 69 115.38713
46 70 70.51656
46 71 81.95481
46 72 127.34280
46 73 97.70875
46 74 73.00561
46 75 104.06468
46 76 122.23924
46 77 98.12608
46 78 106.09286
46 79 106.16827
46 80 114.47211
46 81 52.84940
46 82 119.48416
46 83 64.24272
46 84 121.57980
46 85 50.55514
46 86 107.69187
46 87 98.36071
46 88 83.37254
46 89 75.98936
46 90 77.86207
46 91 114.41129
46 92 86.69363
46 93 104.25420
46 94 122.34869
46 95 82.84512
46 96 121.07918
46 97 86.83866
46 98 107.00144
46 99 82.07843
47 48 59.56681
47 49 50.28650
47 50 101.81080
47 51 58.07578
47 52 69.52192
47 53 117.11266
47 54 63.62306
47 55 107.64672
47 56 107.40410
47 57 129.55986
47 58 63.86697
47 59 97.76467
47 60 68.73910
47 61 82.51663
47 62 125.41101
47 63 89.54843
47 64 121.76328
47 65 27.91447
47 66 105.15054
47 67 84.48663
47 68 91.26499
47 69 132.78035
47 70 106.34703
47 71 107.72021
47 72 70.61134
47 73 126.55300
47 74 77.69149
47 75 116.77292
47 76 119.30000
47 77 135.85526
47 78 123.52872
47 79 60.32148
47 80 72.27440
47 81 87.66504
47 82 71.97119
47 83 103.54356
47 84 70.75996
47 85 120.89663
47 86 78.15038
47 87 95.28452
47 88 112.98956
47 89 67.15195
47 90 100.76268
47 91 102.56019
47 92 77.48010
47 93 125.08964
47 94 90.94394
47 95 117.49160
47 96 105.68833
47 97 95.43929
47 98 94.71911
47 99 100.58662
48 49 64.66542
48 50 98.85458
48 51 69.30101
48 52 87.04380
48 53 97.78954
48 54 78.66423
48 55 92.25435
48 56 112.30995
48 57 110.93965
48 58 91.06850
48 59 72.32538
48 60 57.02374
48 61 95.48562
48 62 87.77040
48 63 56.49260
48 64 90.79834
48 65 76.97583
48 66 77.85506
48 67 61.44170
48 68 55.06184
48 69 128.65350
48 70 72.67841
48 71 81.23658
48 72 69.96914
48 73 97.87329
48 74 59.07574
48 75 106.95235
48 76 114.53214
48 77 127.16119
48 78 97.23169
48 79 46.58316
48 80 78.94212
48 81 48.40785
48 82 84.44963
48 83 79.40889
48 84 90.89637
48 85 92.48609
48 86 86.38049
48 87 104.44238
48 88 88.14241
48 89 35.28355
48 90 82.63679
48 91 78.51633
48 92 60.76609
48 93 130.70236
48 94 101.06089
48 95 79.39156
48 96 121.20789
48 97 79.10103
48 98 75.79058
48 99 78.61654
49 50 100.35686
49 51 52.11852
49 52 84.83133
49 53 112.58458
49 54 88.56785
49 55 129.00000
49 56 139.66138
49 57 143.34601
49 58 69.29471
49 59 112.60243
49 60 84.42687
49 61 99.26943
49 62 128.32610
49 63 103.59964
49 64 122.37228
49 65 67.94243
49 66 111.87070
49 67 102.64365
49 68 89.73391
49 69 132.26176
49 70 116.80431
49 71 115.12931
49 72 88.21150
49 73 120.94864
49 74 100.82987
49 75 130.95641
49 76 104.99226
49 77 134.72830
49 78 115.46523
49 79 69.88184
49 80 68.16541
49 81 92.54770
49 82 88.36774
49 83 120.21066
49 84 89.89989
49 85 120.57886
49 86 100.05919
49 87 116.16592
49 88 121.48608
49 89 73.33379
49 90 93.79993
49 91 109.26896
49 92 79.20683
49 93 149.84019
49 94 102.93864
49 95 121.98210
49 96 114.07697
49 97 109.62635
49 98 76.08959
49 99 100.16829
50 51 107.21719
50 52 75.15705
50 53 79.61829
50 54 137.52458
50 55 148.93909
50 56 107.02244
50 57 132.83646
50 58 107.85038
50 59 122.93199
50 60 87.70889
50 61 102.93388
50 62 138.09904
50 63 95.32529
50 64 144.77094
50 65 122.13062
50 66 119.99085
50 67 126.78645
50 68 124.07029
50 69 108.92873
50 70 136.49161
50 71 91.37749
50 72 129.62077
50 73 125.93410
50 74 81.97767
50 75 119.62543
50 76 91.58910
50 77 105.39122
50 78 145.53491
50 79 118.15678
50 80 92.59046
50 81 68.65038
50 82 117.66926
50 83 94.13261
50 84 138.51263
50 85 106.29515
50 86 128.77681
50 87 125.19387
50 88 144.32260
50 89 101.93424
50 90 56.61425
50 91 124.03068
50 92 91.88944
50 93 136.95625
50 94 77.81050
50 95 117.57191
50 96 109.99873
50 97 132.95676
50 98 129.74307
50 99 125.48419
51 52 86.70626
51 53 113.58310
51 54 89.71586
51 55 100.18611
51 56 132.49521
51 57 114.38144
51 58 90.41669
51 59 94.34804
51 60 95.76885
51 61 104.33206
51 62 105.56773
51 63 104.13065
51 64 106.05634
51 65 65.35749
51 66 77.42310
51 67 116.64587
51 68 80.05830
51 69 119.62771
51 70 103.96359
51 71 104.33637
51 72 49.76005
51 73 102.03046
51 74 85.38207
51 75 110.69155
51 76 83.27406
51 77 158.12039
51 78 99.89204
51 79 57.30748
51 80 84.60006
51 81 93.00711
51 82 95.51457
51 83 113.95220
51 84 78.64849
51 85 138.28664
51 86 79.39889
51 87 101.41476
51 88 114.25555
51 89 92.37579
51 90 92.22151
51 91 89.73477
51 92 53.83506
51 93 134.38478
51 94 71.49550
51 95 95.44570
51 96 111.65143
51 97 93.17002
51 98 95.48277
51 99 97.12978
52 53 69.11223
52 54 90.03165
52 55 116.19479
52 56 72.69491
52 57 108.41105
52 58 97.83256
52 59 83.38079
52 60 98.74133
52 61 92.55679
52 62 113.47231
52 63 76.45751
52 64 108.06415
52 65 74.30264
52 66 117.64465
52 67 114.77866
52 68 106.16874
52 69 83.50980
52 70 115.65789
52 71 70.60365
52 72 99.68192
52 73 121.11879
52 74 75.98913
52 75 127.24753
52 76 97.58245
52 77 98.31257
52 78 128.36359
52 79 109.51530
52 80 68.56447
52 81 84.32265
52 82 51.60322
52 83 71.41686
52 84 95.05019
52 85 102.62820
52 86 111.64042
52 87 103.03425
52 88 106.00558
52 89 85.16120
52 90 63.30023
52 91 90.29707
52 92 72.08316
52 93 99.09737
52 94 74.36087
52 95 110.21436
52 96 116.62335
52 97 89.98042
52 98 96.67827
52 99 125.86193
53 54 121.78511
53 55 119.21949
53 56 96.51272
53 57 91.03830
53 58 130.05415
53 59 84.10510
53 60 114.75660
53 61 110.12041
53 62 93.14953
53 63 79.62038
53 64 89.29704
53 65 126.47832
53 66 113.86406
53 67 124.71865
53 68 113.55122
53 69 65.46994
53 70 102.94673
53 71 51.42146
53 72 127.34475
53 73 102.23929
53 74 89.77085
53 75 133.85005
53 76 85.86682
53 77 77.43421
53 78 113.66623
53 79 128.28862
53 80 88.11742
53 81 74.61793
53 82 90.51633
53 83 59.15230
53 84 122.22681
53 85 72.35391
53 86 131.87552
53 87 116.01304
53 88 94.48808
53 89 93.31863
53 90 30.92817
53 91 95.20338
53 92 74.06311
53 93 104.63328
53 94 98.28913
53 95 90.98667
53 96 129.82446
53 97 88.48737
53 98 90.25948
53 99 121.68073
54 55 88.66183
54 56 100.66803
54 57 122.57693
54 58 76.17896
54 59 91.19088
54 60 98.86354
54 61 78.75523
54 62 120.35609
54 63 102.43057
54 64 109.95866
54 65 56.18236
54 66 108.54726
54 67 85.49553
54 68 103.58175
54 69 124.15915
54 70 89.69909
54 71 116.17852
54 72 84.26974
54 73 113.13632
54 74 92.42712
54 75 112.83080
54 76 133.24005
54 77 137.89023
54 78 97.90587
54 79 82.48337
54 80 106.25567
54 81 106.60465
54 82 76.31214
54 83 106.82135
54 84 59.32408
54 85 112.45479
54 86 76.29077
54 87 81.02492
54 88 72.50870
54 89 79.59331
54 90 117.58109
54 91 105.80672
54 92 83.94086
54 93 100.73031
54 94 121.87337
54 95 115.55253
54 96 124.26936
54 97 69.57073
54 98 86.83961
54 99 87.44942
55 56 110.70748
55 57 56.55434
55 58 135.38718
55 59 69.71033
55 60 113.12468
55 61 108.00449
55 62 78.57414
55 63 103.76892
55 64 78.39920
55 65 101.49792
55 66 71.33019
55 67 103.33495
55 68 108.87779
55 69 127.66777
55 70 46.30107
55 71 99.33542
55 72 78.92454
55 73 106.77922
55 74 86.17026
55 75 113.64219
55 76 126.92621
55 77 160.28851
55 78 98.45374
55 79 87.34418
55 80 120.39255
55 81 103.31595
55 82 109.50726
55 83 89.98321
55 84 73.62280
55 85 125.86395
55 86 70.79426
55 87 75.44538
55 88 74.16102
55 89 102.57958
55 90 115.37119
55 91 97.69334
55 92 76.30873
55 93 86.11371
55 94 110.38458
55 95 76.83176
55 96 125.65988
55 97 43.96636
55 98 113.84120
55 99 96.92326
56 57 105.56705
56 58 124.35250
56 59 91.78198
56 60 112.44237
56 61 97.36393
56 62 125.55714
56 63 87.25214
56 64 127.52822
56 65 108.48254
56 66 124.23887
56 67 117.69040
56 68 132.46909
56 69 100.29002
56 70 116.77263
56 71 86.24577
56 72 122.31915
56 73 128.86099
56 74 72.63032
56 75 114.16742
56 76 134.51353
56 77 115.38345
56 78 140.63559
56 79 132.27014
56 80 123.36358
56 81 96.81664
56 82 93.82481
56 83 68.04924
56 84 118.56435
56 85 107.54517
56 86 118.09042
56 87 100.69468
56 88 103.75827
56 89 109.32165
56 90 99.35892
56 91 111.28793
56 92 99.92848
56 93 73.21133
56 94 103.15343
56 95 113.88806
56 96 134.97159
56 97 96.44363
56 98 138.34625
56 99 132.39069
57 58 156.44403
57 59 70.71550
57 60 128.69023
57 61 121.96967
57 62 69.93009
57 63 102.79073
57 64 73.32973
57 65 127.38435
57 66 83.57440
57 67 130.20810
57 68 122.81783
57 69 102.62913
57 70 70.31247
57 71 76.10721
57 72 105.00947
57 73 108.60133
57 74 90.58428
57 75 127.20913
57 76 108.12285
57 77 145.03075
57 78 112.96490
57 79 118.36558
57 80 118.33419
57 81 101.02622
57 82 114.74744
57 83 72.91639
57 84 102.81671
57 85 121.15034
57 86 103.99721
57 87 92.87379
57 88 90.18279
57 89 117.96689
57 90 92.33079
57 91 97.48581
57 92 76.95245
57 93 79.91135
57 94 97.17439
57 95 71.00372
57 96 129.64191
57 97 60.92402
57 98 123.20458
57 99 121.74089
58 59 137.26680
58 60 80.03110
58 61 56.99800
58 62 160.56766
58 63 126.93124
58 64 156.10580
58 65 78.27084
58 66 123.22852
58 67 98.96674
58 68 128.84763
58 69 137.09662
58 70 125.93282
58 71 140.57718
58 72 113.46712
58 73 127.06940
58 74 104.35332
58 75 106.44282
58 76 121.41116
58 77 133.90176
58 78 121.95699
58 79 85.64513
58 80 105.12045
58 81 105.56706
58 82 113.18270
58 83 133.43411
58 84 91.00864
58 85 118.53906
58 86 83.44421
58 87 90.67929
58 88 125.25999
58 89 92.57201
58 90 114.27429
58 91 143.42870
58 92 99.69770
58 93 131.23267
58 94 116.67484
58 95 141.10771
58 96 92.43366
58 97 120.81656
58 98 110.23989
58 99 81.87450
59 60 113.15662
59 61 124.28221
59 62 40.95588
59 63 53.10284
59 64 44.89612
59 65 97.59321
59 66 82.72189
59 67 106.74874
59 68 66.55065
59 69 100.35178
59 70 72.58873
59 71 46.34515
59 72 73.49964
59 73 93.46140
59 74 66.80084
59 75 122.29779
59 76 115.63527
59 77 135.88516
59 78 96.58168
59 79 98.17302
59 80 102.79353
59 81 79.19427
59 82 73.08141
59 83 53.94257
59 84 100.95686
59 85 108.01469
59 86 110.79790
59 87 113.26193
59 88 64.09615
59 89 82.85580
59 90 85.01096
59 91 37.55378
59 92 59.76648
59 93 105.80231
59 94 99.64611
59 95 57.63566
59 96 151.84688
59 97 50.04414
59 98 91.72008
59 99 116.52714
60 61 73.47451
60 62 131.63609
60 63 86.29889
60 64 135.00060
60 65 89.97832
60 66 101.83721
60 67 51.91515
60 68 108.52654
60 69 150.20673
60 70 93.19361
60 71 109.94140
60 72 105.51016
60 73 130.53296
60 74 70.95745
60 75 109.53946
60 76 130.90334
60 77 120.99503
60 78 133.77991
60 79 62.65995
60 80 84.50108
60 81 58.39666
60 82 110.78185
60 83 95.02040
60 84 100.08477
60 85 94.18815
60 86 81.16534
60 87 95.01467
60 88 122.53307
60 89 55.27551
60 90 96.50667
60 91 126.51830
60 92 92.61353
60 93 130.73404
60 94 107.39949
60 95 113.96015
60 96 89.24748
60 97 108.88206
60 98 111.18040
60 99 83.41907
61 62 146.71255
61 63 119.26044
61 64 142.10210
61 65 90.55305
61 66 111.67862
61 67 87.47427
61 68 140.28458
61 69 121.67749
61 70 98.69122
61 71 124.44375
61 72 119.64552
61 73 122.45816
61 74 91.44445
61 75 98.17590
61 76 115.82401
61 77 112.13177
61 78 119.57142
61 79 92.56557
61 80 101.47981
61 81 94.13398
61 82 111.85545
61 83 107.90470
61 84 76.88147
61 85 94.41309
61 86 63.79536
61 87 46.89605
61 88 107.84335
61 89 90.39734
61 90 99.91735
61 91 143.06905
61 92 92.38034
61 93 86.34459
61 94 108.01873
61 95 126.32619
61 96 61.04222
61 97 97.65433
61 98 113.03151
61 99 72.56092
62 63 76.65919
62 64 33.19054
62 65 127.74487
62 66 79.04055
62 67 126.35575
62 68 72.12820
62 69 111.32470
62 70 75.55608
62 71 59.98304
62 72 88.13509
62 73 88.94973
62 74 88.92608
62 75 133.59645
62 76 115.49884
62 77 154.15836
62 78 92.57540
62 79 109.43201
62 80 120.24104
62 81 90.45311
62 82 105.86572
62 83 76.11815
62 84 121.69816
62 85 121.13218
62 86 126.53614
62 87 131.52725
62 88 77.44059
62 89 102.42662
62 90 93.39474
62 91 50.04607
62 92 69.81565
62 93 128.35733
62 94 113.78342
62 95 45.86737
62 96 166.44174
62 97 67.18681
62 98 100.75501
62 99 123.08784
63 64 83.54851
63 65 101.08797
63 66 100.14877
63 67 86.51291
63 68 66.96457
63 69 117.06328
63 70 89.67660
63 71 45.50210
63 72 94.18726
63 73 110.63388
63 74 55.58290
63 75 125.41823
63 76 126.75562
63 77 113.29864
63 78 120.51578
63 79 97.09241
63 80 90.44005
63 81 50.69875
63 82 75.46478
63 83 43.62619
63 84 119.16976
63 85 87.95190
63 86 121.91663
63 87 126.05819
63 88 91.08411
63 89 58.62207
63 90 75.64090
63 91 62.66416
63 92 76.25449
63 93 125.47689
63 94 104.60210
63 95 78.62078
63 96 147.89096
63 97 84.48053
63 98 95.73106
63 99 118.69090
64 65 120.22764
64 66 96.93155
64 67 123.04668
64 68 83.51240
64 69 109.45033
64 70 72.12366
64 71 67.84315
64 72 95.66589
64 73 100.90855
64 74 102.63323
64 75 148.16301
64 76 120.19006
64 77 142.43674
64 78 94.37917
64 79 113.61671
64 80 108.72861
64 81 101.16379
64 82 90.06302
64 83 79.00710
64 84 107.91655
64 85 113.76006
64 86 126.47154
64 87 126.86012
64 88 66.48070
64 89 97.12822
64 90 95.37242
64 91 61.45918
64 92 75.06747
64 93 121.38012
64 94 123.37337
64 95 70.50049
64 96 163.02299
64 97 54.05095
64 98 79.95092
64 99 125.16977
65 66 113.35947
65 67 96.12850
65 68 101.98692
65 69 135.48221
65 70 108.81122
65 71 115.14893
65 72 70.05644
65 73 135.62859
65 74 90.48493
65 75 127.96062
65 76 128.67062
65 77 145.99052
65 78 128.48854
65 79 73.57803
65 80 80.85513
65 81 106.91805
65 82 66.35780
65 83 110.03295
65 84 58.16817
65 85 133.26500
65 86 79.11291
65 87 93.56277
65 88 111.70181
65 89 82.26456
65 90 114.33251
65 91 105.46732
65 92 85.30143
65 93 118.36060
65 94 98.25203
65 95 125.27934
65 96 113.45356
65 97 90.37237
65 98 99.52524
65 99 112.67031
66 67 115.88666
66 68 83.11681
66 69 118.01259
66 70 76.15383
66 71 94.85069
66 72 64.24389
66 73 64.84218
66 74 65.23774
66 75 71.04974
66 76 90.40899
66 77 169.52873
66 78 75.00603
66 79 68.70586
66 80 127.18064
66 81 77.98540
66 82 130.44974
66 83 100.70982
66 84 106.39349
66 85 131.37592
66 86 77.07730
66 87 95.97502
66 88 96.44491
66 89 105.54374
66 90 96.40476
66 91 87.25209
66 92 51.89583
66 93 121.95367
66 94 84.13927
66 95 43.70429
66 96 125.75486
66 97 83.57488
66 98 122.20335
66 99 76.04250
67 68 110.67833
67 69 162.12785
67 70 75.52695
67 71 116.64270
67 72 114.75603
67 73 138.25066
67 74 90.01108
67 75 130.03316
67 76 157.91179
67 77 121.16795
67 78 131.41960
67 79 75.82762
67 80 97.19166
67 81 78.78588
67 82 105.24223
67 83 95.60320
67 84 95.96445
67 85 83.84343
67 86 91.37767
67 87 101.50731
67 88 102.28656
67 89 43.81420
67 90 117.41264
67 91 127.73191
67 92 106.75420
67 93 129.26111
67 94 140.52493
67 95 120.13432
67 96 117.21364
67 97 95.38007
67 98 98.14669
67 99 87.23973
68 69 130.74142
68 70 101.19379
68 71 82.98559
68 72 64.16719
68 73 90.88309
68 74 78.49815
68 75 120.55939
68 76 120.78006
68 77 161.30750
68 78 94.87953
68 79 80.22399
68 80 113.09396
68 81 79.41624
68 82 99.19181
68 83 98.51711
68 84 123.28175
68 85 128.52597
68 86 122.17650
68 87 141.89474
68 88 97.75957
68 89 82.18887
68 90 101.23594
68 91 47.06613
68 92 70.34640
68 93 157.09424
68 94 111.60542
68 95 72.19594
68 96 166.72958
68 97 95.90089
68 98 95.28123
68 99 112.24367
69 70 129.63213
69 71 85.16308
69 72 128.79677
69 73 88.80905
69 74 106.55727
69 75 122.20990
69 76 72.35691
69 77 124.21208
69 78 102.98299
69 79 147.69829
69 80 129.47758
69 81 113.31857
69 82 111.00967
69 83 98.67001
69 84 131.12302
69 85 119.40645
69 86 138.31770
69 87 119.20448
69 88 100.17598
69 89 134.55043
69 90 72.78751
69 91 103.02695
69 92 80.07822
69 93 98.76149
69 94 96.65450
69 95 100.91347
69 96 147.76405
69 97 100.40109
69 98 120.18653
69 99 132.58623
70 71 92.00405
70 72 95.26003
70 73 101.32892
70 74 85.06962
70 75 117.52720
70 76 126.42919
70 77 134.35706
70 78 90.93640
70 79 79.76333
70 80 105.70419
70 81 81.59911
70 82 107.19379
70 83 79.13046
70 84 80.86320
70 85 91.29330
70 86 78.39212
70 87 81.19801
70 88 63.22761
70 89 74.94424
70 90 100.51862
70 91 101.09825
70 92 75.50613
70 93 98.90855
70 94 122.29272
70 95 74.28527
70 96 119.44045
70 97 45.68967
70 98 88.88346
70 99 77.21825
71 72 99.89632
71 73 98.74939
71 74 64.76940
71 75 126.67379
71 76 101.14355
71 77 111.59048
71 78 113.29435
71 79 114.03382
71 80 94.00294
71 81 63.27349
71 82 81.47572
71 83 34.76711
71 84 121.36323
71 85 93.90617
71 86 127.01968
71 87 122.41556
71 88 88.72656
71 89 86.38624
71 90 53.47001
71 91 56.76763
71 92 64.29385
71 93 110.55126
71 94 88.31803
71 95 64.55641
71 96 145.93015
71 97 77.24582
71 98 99.77072
71 99 126.28201
72 73 98.46507
72 74 73.38123
72 75 102.83717
72 76 110.09875
72 77 176.08585
72 78 97.54426
72 79 59.65648
72 80 111.08405
72 81 96.60427
72 82 98.64563
72 83 107.59326
72 84 87.14844
72 85 147.91750
72 86 81.41293
72 87 107.64625
72 88 102.62178
72 89 98.18178
72 90 111.12071
72 91 69.33784
72 92 59.79127
72 93 131.09955
72 94 83.47919
72 95 79.68640
72 96 137.82278
72 97 83.05169
72 98 112.12684
72 99 104.10320
73 74 89.41820
73 75 76.44973
73 76 82.50365
73 77 160.33566
73 78 38.22171
73 79 107.49480
73 80 145.62730
73 81 92.73306
73 82 135.40334
73 83 111.79955
73 84 130.35045
73 85 122.81769
73 86 114.20441
73 87 118.08158
73 88 82.24672
73 89 119.16319
73 90 93.62411
73 91 89.33526
73 92 62.53941
73 93 129.68619
73 94 109.79047
73 95 57.79947
73 96 153.15808
73 97 94.77481
73 98 115.04446
73 99 82.65041
74 75 76.43297
74 76 102.85269
74 77 131.40775
74 78 105.35509
74 79 75.61920
74 80 102.56847
74 81 43.91237
74 82 96.45173
74 83 60.24999
74 84 104.91187
74 85 102.84458
74 86 86.11092
74 87 93.74213
74 88 94.25948
74 89 76.39546
74 90 74.18337
74 91 76.27123
74 92 55.55939
74 93 104.74061
74 94 70.63095
74 95 63.83138
74 96 118.46981
74 97 82.46797
74 98 115.90876
74 99 91.73499
75 76 107.67889
75 77 174.18752
75 78 94.14609
75 79 99.08170
75 80 157.25702
75 81 96.83802
75 82 152.80157
75 83 125.31441
75 84 130.31401
75 85 139.71347
75 86 89.42449
75 87 98.77143
75 88 117.45795
75 89 128.26738
75 90 117.16979
75 91 125.65755
75 92 86.88696
75 93 123.98486
75 94 101.23148
75 95 92.33660
75 96 128.55634
75 97 118.93913
75 98 153.30354
75 99 76.76252
76 77 147.15643
76 78 97.81816
76 79 117.84502
76 80 116.41152
76 81 102.39659
76 82 129.97668
76 83 117.88895
76 84 123.36901
76 85 134.95822
76 86 116.53400
76 87 113.01021
76 88 124.95434
76 89 130.65704
76 90 67.10378
76 91 111.60185
76 92 63.95700
76 93 127.31811
76 94 68.15876
76 95 93.84847
76 96 118.96679
76 97 113.26187
76 98 121.24871
76 99 112.19832
77 78 163.24324
77 79 158.79077
77 80 99.12666
77 81 109.55827
77 82 108.85317
77 83 97.07942
77 84 141.97391
77 85 57.45044
77 86 158.10782
77 87 135.77777
77 88 128.93958
77 89 101.85899
77 90 91.51290
77 91 153.74638
77 92 131.80872
77 93 126.18285
77 94 151.61047
77 95 154.05632
77 96 135.57135
77 97 127.92188
77 98 108.71354
77 99 146.20328
78 79 102.02178
78 80 143.30550
78 81 106.81831
78 82 131.01001
78 83 122.07272
78 84 114.42661
78 85 123.13514
78 86 106.39375
78 87 111.80994
78 88 67.55704
78 89 115.11478
78 90 108.31393
78 91 97.63651
78 92 69.66918
78 93 129.24896
78 94 126.85654
78 95 74.59650
78 96 152.34122
78 97 83.74249
78 98 98.53007
78 99 73.05701
79 80 96.38189
79 81 78.35856
79 82 110.72581
79 83 110.98507
79 84 79.36148
79 85 124.64083
79 86 58.15936
79 87 92.69709
79 88 108.23167
79 89 70.81423
79 90 108.34425
79 91 104.55682
79 92 71.15925
79 93 136.46014
79 94 100.46408
79 95 93.68333
79 96 106.41604
79 97 91.56532
79 98 100.99478
79 99 69.02046
80 81 89.15784
80 82 68.28490
80 83 90.48546
80 84 86.58145
80 85 100.58376
80 86 110.99514
80 87 111.33918
80 88 122.94776
80 89 67.06267
80 90 78.11567
80 91 114.14304
80 92 89.80622
80 93 128.59161
80 94 102.19797
80 95 125.87818
80 96 102.65487
80 97 98.54634
80 98 76.72784
80 99 125.39305
81 82 102.00257
81 83 59.52208
81 84 115.05561
81 85 76.37099
81 86 100.61999
81 87 106.16008
81 88 98.15479
81 89 57.65915
81 90 57.41122
81 91 88.02490
81 92 63.38431
81 93 122.24564
81 94 90.05921
81 95 69.93535
81 96 116.24065
81 97 91.11905
81 98 99.25230
81 99 86.15431
82 83 79.05890
82 84 85.58157
82 85 106.55384
82 86 119.84603
82 87 116.18332
82 88 93.08479
82 89 75.36139
82 90 93.23864
82 91 84.81439
82 92 87.35904
82 93 111.33073
82 94 111.24570
82 95 119.38802
82 96 140.29198
82 97 77.54165
82 98 75.45220
82 99 134.73651
83 84 111.38815
83 85 76.82097
83 86 116.03641
83 87 106.83804
83 88 83.95173
83 89 74.96335
83 90 64.13191
83 91 79.15751
83 92 75.15126
83 93 92.68725
83 94 97.81176
83 95 77.31445
83 96 132.43195
83 97 70.20567
83 98 101.93533
83 99 119.37509
84 85 123.57978
84 86 56.22593
84 87 58.90252
84 88 94.75272
84 89 90.89662
84 90 115.13110
84 91 121.21906
84 92 84.38737
84 93 91.96016
84 94 109.90845
84 95 120.84430
84 96 91.98291
84 97 66.25061
84 98 91.19593
84 99 95.68758
85 86 128.59142
85 87 113.52355
85 88 90.41851
85 89 70.43595
85 90 81.42799
85 91 128.58177
85 92 104.82949
85 93 114.94088
85 94 142.38057
85 95 116.26438
85 96 127.76301
85 97 97.24560
85 98 86.56783
85 99 102.79187
86 87 43.59718
86 88 105.64936
86 89 97.86504
86 90 116.64813
86 91 128.28496
86 92 79.97523
86 93 98.57844
86 94 98.66150
86 95 106.69810
86 96 76.58974
86 97 83.74438
86 98 119.47658
86 99 65.77201
87 88 98.46800
87 89 105.79982
87 90 108.09061
87 91 136.89064
87 92 85.90771
87 93 62.66764
87 94 102.24303
87 95 113.87136
87 96 66.74837
87 97 77.73613
87 98 119.87903
87 99 77.90750
88 89 89.26257
88 90 102.28977
88 91 86.14613
88 92 76.24500
88 93 93.80378
88 94 132.36417
88 95 80.46790
88 96 149.32681
88 97 42.17992
88 98 79.28382
88 99 90.94191
89 90 85.51421
89 91 97.46737
89 92 81.13511
89 93 126.66254
89 94 118.89899
89 95 101.55022
89 96 118.88219
89 97 81.65356
89 98 65.93193
89 99 89.83985
90 91 90.88220
90 92 58.10714
90 93 110.99394
90 94 75.89625
90 95 81.91687
90 96 113.71801
90 97 91.45177
90 98 91.95075
90 99 108.30468
91 92 63.56308
91 93 134.30208
91 94 99.26402
91 95 62.22839
91 96 169.80995
91 97 80.00568
91 98 100.80515
91 99 128.62575
92 93 102.08591
92 94 63.86292
92 95 51.64859
92 96 113.38528
92 97 61.28115
92 98 85.34923
92 99 80.46139
93 94 114.50742
93 95 119.87489
93 96 112.41102
93 97 77.18002
93 98 134.24710
93 99 121.80519
94 95 93.28807
94 96 107.89722
94 97 108.29365
94 98 135.93129
94 99 123.17794
95 96 147.26141
95 97 74.64314
95 98 112.90546
95 99 96.31574
96 97 125.84737
96 98 138.95473
96 99 103.37592
97 98 78.28038
97 99 93.52937
98 99 104.69508
