100 10
0 1 202.22343
0 2 207.67677
0 3 207.03772
0 4 160.80161
0 5 189.50417
0 6 206.66246
0 7 172.25597
0 8 157.65746
0 9 222.85161
0 10 198.13545
0 11 147.60210
0 12 171.20326
0 13 176.82762
0 14 189.45691
0 15 161.38162
0 16 155.50461
0 17 199.84810
0 18 174.33441
0 19 148.94606
0 20 158.12105
0 21 222.82578
0 22 186.73695
0 23 187.43933
0 24 201.35010
0 25 201.71062
0 26 207.14001
0 27 190.97719
0 28 167.09227
0 29 177.51393
0 30 149.35419
0 31 203.93700
0 32 181.22066
0 33 182.43256
0 34 158.87598
0 35 186.87434
0 36 159.59178
0 37 163.17189
0 38 163.69595
0 39 178.48363
0 40 210.76947
0 41 179.65944
0 42 188.95747
0 43 183.92320
0 44 178.42635
0 45 185.56554
0 46 170.53142
0 47 187.29990
0 48 191.39299
0 49 191.45692
0 50 170.11201
0 51 168.16716
0 52 198.60527
0 53 155.42119
0 54 175.56107
0 55 197.61482
0 56 152.36444
0 57 183.37988
0 58 114.42865
0 59 150.09505
0 60 143.94014
0 61 228.46466
0 62 206.75327
0 63 184.86212
0 64 208.58636
0 65 169.07082
0 66 204.09964
0 67 188.55032
0 68 175.35394
0 69 174.73656
0 70 203.57092
0 71 232.23096
0 72 146.00894
0 73 189.84531
0 74 193.17551
0 75 155.25600
0 76 148.61626
0 77 169.80481
0 78 181.10149
0 79 189.13579
0 80 187.25430
0 81 186.86951
0 82 176.10843
0 83 186.02089
0 84 202.14627
0 85 139.42261
0 86 164.24937
0 87 165.99370
0 88 203.27974
0 89 168.24643
0 90 204.56145
0 91 220.69618
0 92 194.11627
0 93 177.28677
0 94 183.34801
0 95 178.78159
0 96 196.47899
0 97 205.64450
0 98 185.41972
0 99 192.69713
1 2 186.59583
1 3 181.12465
1 4 213.27278
1 5 203.13928
1 6 138.87321
1 7 193.37056
1 8 133.90701
1 9 137.43704
1 10 160.55135
1 11 190.01317
1 12 161.48802
1 13 155.87817
1 14 162.67523
1 15 136.77852
1 16 176.49715
1 17 175.26279
1 18 200.88547
1 19 183.81871
1 20 182.24232
1 21 217.55211
1 22 121.98983
1 23 181.59750
1 24 165.93634
1 25 139.01410
1 26 184.18466
1 27 145.11633
1 28 224.82872
1 29 192.99873
1 30 207.03084
1 31 167.93390
1 32 196.62009
1 33 182.91963
1 34 192.10841
1 35 167.15172
1 36 172.20285
1 37 186.61948
1 38 197.85329
1 39 148.24701
1 40 144.01981
1 41 213.52962
1 42 157.74712
1 43 157.85036
1 44 186.64630
1 45 209.75130
1 46 157.71661
1 47 184.34453
1 48 170.63802
1 49 222.32651
1 50 119.28316
1 51 153.18489
1 52 170.12964
1 53 198.78760
1 54 183.66539
1 55 181.20044
1 56 234.38687
1 57 191.93855
1 58 197.92282
1 59 192.36394
1 60 167.98463
1 61 169.99355
1 62 182.78485
1 63 167.08470
1 64 200.86258
1 65 168.19925
1 66 150.52628
1 67 160.46149
1 68 87.04281
1 69 228.27971
1 70 141.32265
1 71 163.19127
1 72 201.92523
1 73 188.96542
1 74 178.80495
1 75 163.80563
1 76 176.72908
1 77 201.44643
1 78 154.04091
1 79 150.82468
1 80 179.60887
1 81 146.45248
1 82 165.46379
1 83 165.18094
1 84 182.01125
1 85 177.53038
1 86 183.95554
1 87 154.16302
1 88 180.20567
1 89 176.01385
1 90 197.66974
1 91 204.36143
1 92 163.59747
1 93 201.40701
1 94 140.05859
1 95 156.81526
1 96 156.74609
1 97 137.62630
1 98 214.95816
1 99 147.83372
2 3 184.18344
2 4 156.14452
2 5 204.62682
2 6 192.34453
2 7 188.58395
2 8 163.59714
2 9 128.25827
2 10 166.07715
2 11 218.80707
2 12 136.08031
2 13 166.68913
2 14 166.62468
2 15 169.41745
2 16 174.59618
2 17 174.80391
2 18 187.74464
2 19 188.73593
2 20 198.90990
2 21 173.21761
2 22 189.43767
2 23 148.98611
2 24 190.21468
2 25 207.91364
2 26 128.19489
2 27 167.25055
2 28 208.87033
2 29 160.06775
2 30 167.92093
2 31 150.99030
2 32 154.65073
2 33 177.59109
2 34 174.33147
2 35 175.58925
2 36 155.97122
2 37 203.40375
2 38 167.65732
2 39 199.63860
2 40 181.20433
2 41 164.61855
2 42 197.92140
2 43 145.64575
2 44 202.90800
2 45 172.49460
2 46 175.61916
2 47 170.57436
2 48 181.39345
2 49 159.42813
2 50 181.20155
2 51 169.98991
2 52 183.47665
2 53 165.03769
2 54 167.24141
2 55 173.89095
2 56 195.12309
2 57 197.35339
2 58 203.99637
2 59 207.01080
2 60 214.02885
2 61 174.55391
2 62 176.14563
2 63 163.96837
2 64 221.14481
2 65 187.54013
2 66 100.85340
2 67 192.70798
2 68 197.89110
2 69 241.91013
2 70 157.60176
2 71 226.47864
2 72 196.32664
2 73 136.15028
2 74 200.38722
2 75 172.42744
2 76 172.11137
2 77 178.49954
2 78 160.07782
2 79 200.10214
2 80 184.60167
2 81 210.71593
2 82 200.75874
2 83 193.01471
2 84 177.84830
2 85 155.67729
2 86 225.87633
2 87 180.64809
2 88 193.97455
2 89 192.60020
2 90 175.74286
2 91 158.69907
2 92 180.93579
2 93 196.93936
2 94 199.11136
2 95 184.14447
2 96 171.17642
2 97 188.10597
2 98 179.37845
2 99 158.63329
3 4 161.33351
3 5 208.04953
3 6 214.67361
3 7 208.09709
3 8 156.46043
3 9 127.37673
3 10 159.57126
3 11 176.08450
3 12 156.22527
3 13 187.68126
3 14 183.21866
3 15 180.49004
3 16 205.25209
3 17 174.12633
3 18 174.84468
3 19 186.43912
3 20 153.41719
3 21 157.83769
3 22 150.26854
3 23 135.90439
3 24 186.51042
3 25 155.09454
3 26 175.51537
3 27 191.46901
3 28 205.53954
3 29 172.00661
3 30 161.25702
3 31 180.47253
3 32 192.86108
3 33 143.74623
3 34 158.82339
3 35 199.41846
3 36 140.19749
3 37 194.43318
3 38 177.78441
3 39 188.22151
3 40 159.16022
3 41 165.84813
3 42 134.69626
3 43 178.21657
3 44 138.55394
3 45 143.78880
3 46 184.39871
3 47 158.99997
3 48 140.88014
3 49 168.10551
3 50 157.67215
3 51 169.47813
3 52 156.05029
3 53 171.95023
3 54 127.56646
3 55 134.82010
3 56 191.26894
3 57 152.86365
3 58 199.72404
3 59 165.81833
3 60 195.48058
3 61 159.80432
3 62 143.76700
3 63 173.63156
3 64 165.22179
3 65 148.73784
3 66 174.05237
3 67 183.42561
3 68 176.76439
3 69 155.70821
3 70 161.55464
3 71 156.91051
3 72 172.61705
3 73 169.19273
3 74 164.07555
3 75 183.70699
3 76 221.61014
3 77 180.45747
3 78 104.44816
3 79 182.38730
3 80 164.62019
3 81 167.67914
3 82 175.70764
3 83 192.81929
3 84 140.40250
3 85 170.01276
3 86 157.10938
3 87 132.35628
3 88 129.54239
3 89 162.45502
3 90 190.42162
3 91 97.27940
3 92 183.23007
3 93 173.46404
3 94 154.86362
3 95 182.08072
3 96 158.34395
3 97 172.07466
3 98 149.64706
3 99 175.63831
4 5 185.22409
4 6 181.41431
4 7 181.00208
4 8 181.90463
4 9 172.79681
4 10 182.29370
4 11 191.07719
4 12 144.94131
4 13 194.38307
4 14 203.91887
4 15 161.15698
4 16 180.72975
4 17 210.60593
4 18 200.53256
4 19 206.61409
4 20 142.02963
4 21 157.53812
4 22 184.21143
4 23 165.17175
4 24 213.75810
4 25 215.68190
4 26 145.54712
4 27 202.51424
4 28 173.68011
4 29 151.24161
4 30 147.19601
4 31 167.65469
4 32 132.74606
4 33 131.16928
4 34 156.35368
4 35 175.10295
4 36 164.68379
4 37 221.70844
4 38 144.32141
4 39 206.15346
4 40 191.30971
4 41 158.73848
4 42 158.99136
4 43 157.46799
4 44 172.50050
4 45 152.40790
4 46 161.38742
4 47 167.49327
4 48 199.35492
4 49 167.44331
4 50 174.14510
4 51 169.04718
4 52 211.61064
4 53 144.67848
4 54 151.77983
4 55 157.61017
4 56 164.54233
4 57 172.16328
4 58 175.39258
4 59 175.58713
4 60 151.45073
4 61 182.58223
4 62 141.14488
4 63 189.68182
4 64 179.80504
4 65 160.18402
4 66 169.28249
4 67 183.00375
4 68 204.94475
4 69 167.31726
4 70 185.47095
4 71 204.72813
4 72 138.99698
4 73 144.04008
4 74 178.18526
4 75 167.30122
4 76 198.61890
4 77 149.69675
4 78 152.56712
4 79 192.15936
4 80 184.67494
4 81 214.35239
4 82 152.13879
4 83 200.27315
4 84 149.74710
4 85 110.10204
4 86 159.90720
4 87 127.74812
4 88 187.68463
4 89 127.77573
4 90 164.38448
4 91 161.85938
4 92 162.65723
4 93 169.40921
4 94 180.79053
4 95 180.91953
4 96 135.40915
4 97 187.88219
4 98 157.57544
4 99 174.51259
5 6 181.34158
5 7 162.28741
5 8 189.05460
5 9 206.72716
5 10 193.93233
5 11 207.21367
5 12 157.52885
5 13 218.05722
5 14 221.42142
5 15 211.50664
5 16 197.26341
5 17 218.52686
5 18 180.79916
5 19 183.72461
5 20 191.11380
5 21 205.74478
5 22 175.64316
5 23 199.16737
5 24 204.14334
5 25 185.28406
5 26 168.60730
5 27 160.36360
5 28 158.90211
5 29 186.66615
5 30 164.57210
5 31 201.08022
5 32 157.25197
5 33 209.86331
5 34 174.62833
5 35 185.00793
5 36 189.29430
5 37 205.67514
5 38 177.95999
5 39 190.66670
5 40 236.32761
5 41 209.70541
5 42 177.06374
5 43 174.81651
5 44 189.99519
5 45 204.07309
5 46 178.23080
5 47 231.37457
5 48 204.94469
5 49 198.59190
5 50 182.99501
5 51 199.36032
5 52 193.23367
5 53 144.72139
5 54 209.18155
5 55 138.79752
5 56 161.10989
5 57 178.41022
5 58 201.99025
5 59 211.77789
5 60 196.49069
5 61 192.53903
5 62 198.90851
5 63 186.89644
5 64 210.21294
5 65 191.60765
5 66 193.29036
5 67 172.77541
5 68 214.14552
5 69 215.22209
5 70 157.82629
5 71 263.16980
5 72 209.99123
5 73 215.65897
5 74 210.02858
5 75 185.87024
5 76 215.67386
5 77 207.03038
5 78 188.00499
5 79 168.28944
5 80 180.19183
5 81 158.41406
5 82 161.87439
5 83 202.20454
5 84 187.75792
5 85 196.38278
5 86 187.33176
5 87 172.61325
5 88 188.16399
5 89 224.18456
5 90 129.57938
5 91 186.50624
5 92 182.89662
5 93 204.60606
5 94 215.83839
5 95 189.99522
5 96 165.85138
5 97 179.95410
5 98 194.59286
5 99 183.42244
6 7 190.56764
6 8 171.66966
6 9 154.39069
6 10 197.84352
6 11 222.21936
6 12 180.76820
6 13 192.64200
6 14 197.39494
6 15 164.14203
6 16 214.21786
6 17 207.17937
6 18 244.03391
6 19 223.99294
6 20 181.21924
6 21 230.93575
6 22 162.31792
6 23 214.46356
6 24 198.98311
6 25 196.27974
6 26 167.04564
6 27 179.74910
6 28 188.41330
6 29 182.77077
6 30 229.11952
6 31 221.43810
6 32 167.56459
6 33 173.48418
6 34 194.68820
6 35 146.25667
6 36 171.11673
6 37 219.89638
6 38 207.71182
6 39 191.22763
6 40 194.32474
6 41 240.11324
6 42 171.36295
6 43 127.43664
6 44 200.64377
6 45 221.90245
6 46 159.25531
6 47 191.36154
6 48 224.80272
6 49 227.29027
6 50 150.89505
6 51 193.20866
6 52 201.34662
6 53 175.88495
6 54 207.62025
6 55 179.24030
6 56 237.56815
6 57 197.24991
6 58 236.07855
6 59 173.47569
6 60 158.53456
6 61 191.14030
6 62 161.24152
6 63 168.30898
6 64 187.51761
6 65 194.52635
6 66 167.52968
6 67 157.32475
6 68 149.82170
6 69 236.96901
6 70 170.36116
6 71 186.23871
6 72 208.17336
6 73 208.56783
6 74 210.00940
6 75 207.83815
6 76 195.13057
6 77 216.43404
6 78 171.94357
6 79 144.61475
6 80 168.64224
6 81 177.99051
6 82 193.55553
6 83 190.65677
6 84 175.03722
6 85 171.79488
6 86 201.46692
6 87 175.46236
6 88 192.02910
6 89 183.63690
6 90 192.50464
6 91 218.45921
6 92 157.74869
6 93 193.45792
6 94 207.20204
6 95 202.02791
6 96 141.49719
6 97 162.60805
6 98 232.22664
6 99 141.38445
7 8 148.75003
7 9 203.51529
7 10 191.46298
7 11 157.14688
7 12 140.59778
7 13 162.66658
7 14 196.47415
7 15 159.98254
7 16 181.98518
7 17 225.92674
7 18 148.39711
7 19 195.85782
7 20 216.40559
7 21 207.13243
7 22 147.44022
7 23 215.15646
7 24 167.02327
7 25 183.48048
7 26 169.77155
7 27 159.31575
7 28 200.55502
7 29 144.19359
7 30 180.00060
7 31 203.82187
7 32 118.10364
7 33 203.41154
7 34 147.35966
7 35 148.50941
7 36 189.80882
7 37 183.39262
7 38 182.55435
7 39 185.34315
7 40 225.79695
7 41 201.54515
7 42 196.15271
7 43 167.52538
7 44 167.83601
7 45 228.85042
7 46 147.01302
7 47 224.48738
7 48 213.15251
7 49 211.18073
7 50 190.27815
7 51 171.00215
7 52 179.90074
7 53 120.78424
7 54 182.73373
7 55 183.01471
7 56 188.32504
7 57 218.40250
7 58 182.40855
7 59 198.52620
7 60 146.26430
7 61 188.06961
7 62 185.58070
7 63 173.72415
7 64 185.39194
7 65 165.73422
7 66 175.37723
7 67 206.95334
7 68 199.69380
7 69 195.28307
7 70 187.76790
7 71 210.01964
7 72 187.25584
7 73 185.16817
7 74 163.12764
7 75 158.01738
7 76 173.40654
7 77 198.54030
7 78 162.94086
7 79 173.61813
7 80 172.05948
7 81 196.85306
7 82 174.12022
7 83 186.93539
7 84 193.58197
7 85 174.24092
7 86 156.99086
7 87 183.92474
7 88 175.95915
7 89 215.36320
7 90 160.10626
7 91 213.35016
7 92 144.02876
7 93 179.96461
7 94 205.82191
7 95 164.83459
7 96 157.24651
7 97 162.26311
7 98 180.51404
7 99 152.91100
8 9 149.52856
8 10 125.05465
8 11 168.83778
8 12 154.68272
8 13 137.31543
8 14 151.11147
8 15 120.76420
8 16 170.59906
8 17 178.24309
8 18 155.73174
8 19 150.96214
8 20 157.50407
8 21 194.28850
8 22 122.56508
8 23 163.68394
8 24 143.88426
8 25 133.98218
8 26 171.09755
8 27 132.49261
8 28 208.88882
8 29 139.01137
8 30 159.37953
8 31 175.53215
8 32 144.90291
8 33 139.00298
8 34 149.47525
8 35 148.24692
8 36 135.32478
8 37 88.99235
8 38 157.80704
8 39 112.01292
8 40 155.96843
8 41 169.34705
8 42 147.06497
8 43 151.95569
8 44 158.73656
8 45 189.12946
8 46 105.80276
8 47 168.59084
8 48 126.99735
8 49 176.16080
8 50 119.04482
8 51 146.12813
8 52 149.07219
8 53 152.21301
8 54 147.23874
8 55 168.63010
8 56 163.82298
8 57 184.28757
8 58 154.72874
8 59 164.72464
8 60 164.59979
8 61 158.07144
8 62 156.89563
8 63 149.51779
8 64 195.23245
8 65 147.94865
8 66 122.35260
8 67 172.35515
8 68 156.62184
8 69 193.42319
8 70 171.77805
8 71 169.38811
8 72 148.25911
8 73 143.50804
8 74 160.22362
8 75 156.82713
8 76 152.03659
8 77 181.54089
8 78 119.95531
8 79 164.42020
8 80 164.11626
8 81 172.59593
8 82 178.03162
8 83 135.90149
8 84 177.46078
8 85 152.77414
8 86 173.87802
8 87 137.10576
8 88 161.46291
8 89 164.64978
8 90 183.65518
8 91 185.16408
8 92 173.65790
8 93 170.43913
8 94 142.39021
8 95 172.26031
8 96 143.73692
8 97 153.25908
8 98 163.59308
8 99 131.14116
9 10 153.74913
9 11 198.07208
9 12 136.31587
9 13 171.42607
9 14 173.23671
9 15 157.59990
9 16 187.36790
9 17 138.21107
9 18 202.82915
9 19 188.88615
9 20 172.04784
9 21 172.88271
9 22 136.01700
9 23 137.37761
9 24 174.54460
9 25 158.22704
9 26 130.28494
9 27 179.48650
9 28 212.69725
9 29 163.61589
9 30 185.97270
9 31 163.87476
9 32 188.54361
9 33 164.86443
9 34 174.14040
9 35 165.20010
9 36 144.29027
9 37 198.78888
9 38 178.77188
9 39 177.43181
9 40 141.19069
9 41 190.30751
9 42 147.17821
9 43 150.93602
9 44 164.84039
9 45 171.66937
9 46 178.46390
9 47 155.52328
9 48 160.29056
9 49 160.66397
9 50 133.67853
9 51 162.44733
9 52 162.49982
9 53 179.07790
9 54 156.34499
9 55 158.79237
9 56 219.91370
9 57 162.57899
9 58 227.60304
9 59 171.23447
9 60 210.70387
9 61 131.34090
9 62 157.42726
9 63 158.41406
9 64 174.74765
9 65 162.29065
9 66 117.31287
9 67 189.24500
9 68 162.30020
9 69 217.56650
9 70 132.48744
9 71 155.94547
9 72 196.02271
9 73 163.77089
9 74 183.45354
9 75 173.27086
9 76 198.85918
9 77 189.99055
9 78 127.74689
9 79 164.54842
9 80 148.56480
9 81 165.34908
9 82 194.83064
9 83 190.79582
9 84 146.15662
9 85 169.32974
9 86 196.52168
9 87 147.09489
9 88 135.95323
9 89 167.16826
9 90 182.11137
9 91 143.20287
9 92 161.00371
9 93 180.44968
9 94 166.70404
9 95 196.55676
9 96 139.34715
9 97 163.57553
9 98 191.78326
9 99 123.49976
10 11 207.23244
10 12 148.41083
10 13 197.90616
10 14 194.79164
10 15 172.39822
10 16 190.02927
10 17 209.61041
10 18 192.12514
10 19 172.59821
10 20 202.63092
10 21 176.64444
10 22 151.72157
10 23 157.72580
10 24 169.98590
10 25 158.64008
10 26 188.22868
10 27 142.78854
10 28 235.83139
10 29 193.11166
10 30 176.80769
10 31 159.80264
10 32 182.04601
10 33 180.16211
10 34 209.79524
10 35 192.57065
10 36 167.26140
10 37 181.85774
10 38 167.19933
10 39 121.57442
10 40 204.45828
10 41 144.54825
10 42 171.62460
10 43 152.84106
10 44 211.45926
10 45 177.07368
10 46 149.60036
10 47 197.29877
10 48 173.75270
10 49 186.62473
10 50 151.84006
10 51 206.78142
10 52 212.08580
10 53 158.92749
10 54 138.44919
10 55 180.98126
10 56 190.28600
10 57 207.37193
10 58 193.18217
10 59 188.19267
10 60 197.81607
10 61 130.18069
10 62 169.81209
10 63 193.90158
10 64 210.14569
10 65 162.40012
10 66 149.79196
10 67 187.29292
10 68 191.89616
10 69 208.77315
10 70 180.20761
10 71 184.26668
10 72 169.70892
10 73 177.50423
10 74 170.60664
10 75 158.01398
10 76 200.00801
10 77 224.32585
10 78 141.05659
10 79 208.83888
10 80 171.54077
10 81 178.43500
10 82 145.75938
10 83 178.33012
10 84 202.75912
10 85 162.64087
10 86 208.62016
10 87 147.06480
10 88 188.62076
10 89 166.41945
10 90 188.01015
10 91 191.17879
10 92 180.42686
10 93 235.22624
10 94 160.16130
10 95 182.46217
10 96 181.13895
10 97 118.97256
10 98 186.15506
10 99 183.15509
11 12 181.17729
11 13 185.45815
11 14 192.18826
11 15 171.97859
11 16 205.12215
11 17 180.03186
11 18 168.88826
11 19 193.77669
11 20 187.49860
11 21 200.50516
11 22 159.24292
11 23 197.14526
11 24 184.72121
11 25 167.56277
11 26 199.09538
11 27 191.73940
11 28 199.98781
11 29 191.93222
11 30 170.87012
11 31 211.04601
11 32 209.13301
11 33 195.53990
11 34 167.07993
11 35 185.46687
11 36 158.63251
11 37 194.83711
11 38 201.32979
11 39 174.04405
11 40 187.62767
11 41 172.23912
11 42 157.47279
11 43 216.50064
11 44 149.68466
11 45 225.54590
11 46 189.63959
11 47 206.69086
11 48 200.46358
11 49 192.10202
11 50 195.66942
11 51 180.18501
11 52 175.33211
11 53 159.73465
11 54 185.29724
11 55 181.02499
11 56 216.34607
11 57 216.84947
11 58 164.29047
11 59 154.45143
11 60 145.86531
11 61 211.42415
11 62 186.54070
11 63 188.87987
11 64 206.84549
11 65 128.30498
11 66 201.96678
11 67 220.71613
11 68 184.01520
11 69 180.07396
11 70 184.86832
11 71 191.80371
11 72 176.72223
11 73 182.14929
11 74 169.48607
11 75 161.35983
11 76 164.95471
11 77 170.75787
11 78 158.57448
11 79 161.08527
11 80 187.92946
11 81 188.83133
11 82 181.87971
11 83 236.80937
11 84 196.36223
11 85 178.89940
11 86 143.32367
11 87 164.17528
11 88 182.69304
11 89 204.11942
11 90 202.17195
11 91 198.19659
11 92 156.67310
11 93 174.93867
11 94 182.26389
11 95 154.77966
11 96 173.94867
11 97 183.49416
11 98 218.88542
11 99 195.58951
12 13 146.73300
12 14 180.10756
12 15 141.46140
12 16 116.94078
12 17 167.04324
12 18 155.53435
12 19 146.01459
12 20 190.09721
12 21 153.20276
12 22 157.41042
12 23 126.31322
12 24 167.16641
12 25 149.21175
12 26 109.20184
12 27 149.58183
12 28 181.75327
12 29 127.74183
12 30 130.22588
12 31 131.63332
12 32 154.06416
12 33 177.93535
12 34 146.58514
12 35 168.15843
12 36 177.82080
12 37 186.30515
12 38 144.31010
12 39 169.92270
12 40 174.02129
12 41 179.42009
12 42 175.07045
12 43 137.18648
12 44 163.91165
12 45 147.47067
12 46 163.94524
12 47 189.28734
12 48 174.71498
12 49 161.65999
12 50 142.11591
12 51 147.01201
12 52 161.18379
12 53 136.08800
12 54 156.85977
12 55 159.79500
12 56 167.58304
12 57 170.59677
12 58 173.79985
12 59 180.60889
12 60 173.89583
12 61 144.33360
12 62 169.11893
12 63 148.70627
12 64 162.64648
12 65 162.31964
12 66 140.59698
12 67 176.04410
12 68 164.90457
12 69 169.25220
12 70 133.93068
12 71 186.76042
12 72 159.00172
12 73 175.85677
12 74 133.30096
12 75 125.43782
12 76 161.90587
12 77 163.22998
12 78 158.00517
12 79 180.99127
12 80 140.53618
12 81 136.55067
12 82 150.57594
12 83 157.19513
12 84 131.23335
12 85 115.43201
12 86 143.45830
12 87 143.96349
12 88 154.73515
12 89 144.14198
12 90 154.68307
12 91 148.85455
12 92 135.46584
12 93 169.35707
12 94 157.41544
12 95 167.42560
12 96 164.92862
12 97 160.66452
12 98 123.71243
12 99 142.27972
13 14 168.74152
13 15 107.57156
13 16 171.55267
13 17 154.97261
13 18 164.38834
13 19 157.77501
13 20 188.13077
13 21 190.58563
13 22 167.95554
13 23 164.98271
13 24 120.15871
13 25 173.10439
13 26 177.28780
13 27 177.97672
13 28 195.26439
13 29 121.38473
13 30 183.80026
13 31 169.31560
13 32 165.03152
13 33 162.89543
13 34 148.09700
13 35 150.01300
13 36 173.66763
13 37 158.59926
13 38 174.00008
13 39 159.75589
13 40 192.49852
13 41 200.23265
13 42 178.63361
13 43 169.15408
13 44 159.96210
13 45 207.75642
13 46 159.76648
13 47 172.02263
13 48 135.75522
13 49 183.93718
13 50 163.89293
13 51 106.27166
13 52 165.35410
13 53 157.58130
13 54 165.61066
13 55 181.69301
13 56 194.23643
13 57 171.43138
13 58 171.00258
13 59 172.05699
13 60 164.22334
13 61 192.66940
13 62 177.29726
13 63 175.15134
13 64 196.13316
13 65 173.47946
13 66 172.15881
13 67 199.61765
13 68 140.45805
13 69 164.67372
13 70 189.76486
13 71 181.59886
13 72 191.10461
13 73 150.50504
13 74 170.02737
13 75 176.16664
13 76 150.59959
13 77 185.31650
13 78 161.45647
13 79 162.37579
13 80 191.99391
13 81 171.85992
13 82 184.23645
13 83 129.94727
13 84 191.65251
13 85 149.11093
13 86 157.45222
13 87 182.06631
13 88 208.71623
13 89 166.88615
13 90 190.90802
13 91 199.54683
13 92 189.64270
13 93 159.08632
13 94 143.98636
13 95 176.99303
13 96 165.11923
13 97 187.00018
13 98 161.33673
13 99 169.32394
14 15 174.68047
14 16 196.26280
14 17 173.63029
14 18 175.95642
14 19 209.79073
14 20 181.83279
14 21 256.59348
14 22 174.96761
14 23 204.92570
14 24 202.77710
14 25 166.01810
14 26 209.49860
14 27 141.94493
14 28 250.06262
14 29 209.21266
14 30 200.58916
14 31 202.44588
14 32 182.14548
14 33 197.58823
14 34 164.94063
14 35 132.91522
14 36 154.86546
14 37 157.93887
14 38 177.50150
14 39 194.35474
14 40 160.12071
14 41 173.90163
14 42 173.51440
14 43 142.69566
14 44 191.02927
14 45 163.39345
14 46 214.57248
14 47 145.24940
14 48 191.54118
14 49 210.31686
14 50 160.29054
14 51 184.53671
14 52 175.84050
14 53 194.94620
14 54 165.10699
14 55 153.50638
14 56 210.47519
14 57 215.12608
14 58 176.80321
14 59 214.07715
14 60 177.02960
14 61 228.56114
14 62 173.84723
14 63 189.08295
14 64 223.97163
14 65 197.45627
14 66 157.57094
14 67 182.92169
14 68 157.30321
14 69 219.85617
14 70 185.37598
14 71 192.14711
14 72 162.31517
14 73 178.89116
14 74 205.68443
14 75 172.70096
14 76 147.12909
14 77 152.69485
14 78 169.14615
14 79 158.41125
14 80 202.63417
14 81 182.26515
14 82 221.84271
14 83 185.34276
14 84 173.01892
14 85 173.11517
14 86 189.69649
14 87 178.84171
14 88 212.64775
14 89 190.65898
14 90 181.56024
14 91 186.93069
14 92 185.65366
14 93 226.80545
14 94 166.09207
14 95 152.80214
14 96 195.74094
14 97 189.21793
14 98 185.02161
14 99 188.01961
15 16 159.38411
15 17 159.10172
15 18 179.07730
15 19 185.56445
15 20 171.92122
15 21 180.31593
15 22 135.08424
15 23 164.80730
15 24 151.85381
15 25 168.40839
15 26 171.83032
15 27 170.36569
15 28 201.52870
15 29 113.47651
15 30 158.40256
15 31 165.99776
15 32 159.68243
15 33 153.04185
15 34 153.27573
15 35 141.29295
15 36 161.69867
15 37 157.41826
15 38 133.22760
15 39 139.73553
15 40 149.45412
15 41 196.37976
15 42 142.97702
15 43 172.22606
15 44 159.74385
15 45 189.19853
15 46 136.23859
15 47 144.68002
15 48 167.37767
15 49 183.60988
15 50 148.24049
15 51 124.50092
15 52 171.31390
15 53 165.22043
15 54 144.65790
15 55 184.20474
15 56 171.63908
15 57 186.11076
15 58 147.51372
15 59 162.34309
15 60 138.98148
15 61 152.65840
15 62 175.28551
15 63 190.54204
15 64 195.23538
15 65 168.32018
15 66 131.86739
15 67 190.33281
15 68 130.20595
15 69 167.57979
15 70 178.82578
15 71 151.00391
15 72 150.43553
15 73 156.81795
15 74 124.67549
15 75 162.77357
15 76 168.07898
15 77 152.36420
15 78 138.69469
15 79 161.83270
15 80 173.40660
15 81 183.90433
15 82 164.29523
15 83 126.68224
15 84 169.47313
15 85 110.33636
15 86 146.77083
15 87 156.63188
15 88 192.13475
15 89 131.26118
15 90 174.25037
15 91 194.04218
15 92 136.85437
15 93 149.36211
15 94 110.27235
15 95 188.47894
15 96 151.37384
15 97 173.26907
15 98 172.27257
15 99 138.51776
16 17 182.16669
16 18 186.53326
16 19 142.85687
16 20 180.22333
16 21 200.29898
16 22 176.52011
16 23 189.86223
16 24 199.50536
16 25 189.74109
16 26 172.56798
16 27 168.12714
16 28 209.67392
16 29 169.32283
16 30 156.11749
16 31 145.67773
16 32 180.81493
16 33 205.96510
16 34 185.58430
16 35 215.64384
16 36 222.16870
16 37 181.21349
16 38 161.24028
16 39 185.33391
16 40 182.95938
16 41 215.86723
16 42 213.87553
16 43 194.05824
16 44 171.83273
16 45 158.54541
16 46 192.20695
16 47 206.74719
16 48 180.68480
16 49 182.43361
16 50 156.06908
16 51 153.52196
16 52 182.37595
16 53 201.24046
16 54 190.53816
16 55 213.17816
16 56 178.43755
16 57 183.66640
16 58 140.82065
16 59 218.68161
16 60 201.61389
16 61 195.60355
16 62 227.57611
16 63 165.33313
16 64 224.15582
16 65 201.45265
16 66 183.14067
16 67 195.16757
16 68 176.60808
16 69 212.70636
16 70 162.79968
16 71 221.39262
16 72 173.78419
16 73 190.36668
16 74 181.92676
16 75 160.88118
16 76 173.68413
16 77 183.94397
16 78 204.51688
16 79 227.82909
16 80 182.41869
16 81 180.05600
16 82 187.39139
16 83 156.83092
16 84 185.09943
16 85 150.74883
16 86 196.55933
16 87 166.70723
16 88 188.68883
16 89 176.84341
16 90 198.24496
16 91 201.86583
16 92 198.07155
16 93 183.98773
16 94 158.23817
16 95 195.55211
16 96 194.05772
16 97 202.11685
16 98 159.30466
16 99 171.64803
17 18 195.33334
17 19 187.44566
17 20 179.10420
17 21 184.39275
17 22 171.80128
17 23 160.44765
17 24 152.00078
17 25 184.50580
17 26 182.72351
17 27 186.95268
17 28 192.56418
17 29 187.01932
17 30 172.69479
17 31 204.65578
17 32 220.39751
17 33 191.20689
17 34 175.59253
17 35 184.17508
17 36 170.29216
17 37 172.96335
17 38 164.86464
17 39 163.51988
17 40 160.61742
17 41 214.23930
17 42 143.09850
17 43 204.13388
17 44 172.33156
17 45 189.82085
17 46 213.57004
17 47 167.87849
17 48 152.69621
17 49 170.58655
17 50 179.87323
17 51 157.09906
17 52 147.38098
17 53 196.87010
17 54 181.87889
17 55 162.25804
17 56 208.67720
17 57 175.84979
17 58 186.73589
17 59 164.69258
17 60 221.00510
17 61 186.85544
17 62 211.03320
17 63 184.08443
17 64 232.42384
17 65 208.20996
17 66 171.18388
17 67 232.59366
17 68 163.76953
17 69 199.83072
17 70 178.47470
17 71 189.19142
17 72 201.83955
17 73 185.22090
17 74 195.41063
17 75 194.80316
17 76 184.75258
17 77 188.20189
17 78 169.66429
17 79 161.45923
17 80 201.52037
17 81 156.15923
17 82 228.68161
17 83 184.92534
17 84 185.50655
17 85 180.36923
17 86 204.24541
17 87 197.42647
17 88 205.13234
17 89 189.31917
17 90 181.57419
17 91 174.12314
17 92 188.33508
17 93 184.21141
17 94 149.33693
17 95 210.50940
17 96 187.79224
17 97 212.36493
17 98 200.35585
17 99 196.55165
18 19 159.43317
18 20 220.25974
18 21 206.97256
18 22 160.33362
18 23 182.65353
18 24 164.84428
18 25 161.50809
18 26 207.12279
18 27 160.69627
18 28 203.87910
18 29 175.99353
18 30 127.10043
18 31 200.57480
18 32 172.46930
18 33 199.03073
18 34 154.92018
18 35 183.99670
18 36 162.54805
18 37 164.94165
18 38 173.61787
18 39 186.29524
18 40 216.77791
18 41 174.38966
18 42 189.08580
18 43 191.04240
18 44 188.40074
18 45 196.61156
18 46 185.18550
18 47 215.67160
18 48 157.06868
18 49 217.00853
18 50 207.67320
18 51 139.50816
18 52 183.63225
18 53 169.23425
18 54 177.54999
18 55 173.99591
18 56 138.71661
18 57 192.51718
18 58 143.05045
18 59 205.40273
18 60 203.35495
18 61 173.92612
18 62 220.42407
18 63 196.13513
18 64 209.67116
18 65 160.25041
18 66 180.51826
18 67 199.29944
18 68 201.61159
18 69 196.79208
18 70 170.52403
18 71 245.22800
18 72 197.28453
18 73 184.22353
18 74 165.73799
18 75 122.35421
18 76 208.71599
18 77 179.85648
18 78 156.17595
18 79 165.91383
18 80 205.88435
18 81 201.97563
18 82 179.39287
18 83 176.84186
18 84 182.54619
18 85 200.19038
18 86 172.59100
18 87 195.59454
18 88 174.13965
18 89 209.85779
18 90 167.61499
18 91 181.75089
18 92 180.09418
18 93 215.55365
18 94 179.98828
18 95 158.28149
18 96 194.78752
18 97 181.10864
18 98 175.47911
18 99 180.32178
19 20 189.60143
19 21 201.11363
19 22 189.23024
19 23 153.23370
19 24 180.67021
19 25 153.25529
19 26 182.28908
19 27 174.41727
19 28 188.11475
19 29 166.59175
19 30 160.31525
19 31 158.29262
19 32 203.56883
19 33 187.95537
19 34 198.18741
19 35 218.51605
19 36 176.54840
19 37 166.74571
19 38 192.15573
19 39 162.92406
19 40 220.71057
19 41 191.14415
19 42 216.54063
19 43 196.94974
19 44 177.58504
19 45 185.42406
19 46 186.12202
19 47 213.56920
19 48 130.36232
19 49 166.77203
19 50 157.06432
19 51 153.81102
19 52 189.28909
19 53 181.50586
19 54 192.55135
19 55 211.48442
19 56 165.67262
19 57 151.33278
19 58 166.48952
19 59 185.65242
19 60 217.64980
19 61 191.36806
19 62 214.58220
19 63 164.93689
19 64 221.42902
19 65 153.92921
19 66 197.89253
19 67 170.55502
19 68 188.31863
19 69 202.16081
19 70 152.97264
19 71 242.40540
19 72 191.98631
19 73 196.87802
19 74 204.50252
19 75 165.35995
19 76 181.08952
19 77 205.96666
19 78 186.28867
19 79 212.77390
19 80 177.02264
19 81 167.83339
19 82 173.42319
19 83 179.50925
19 84 206.07396
19 85 179.46292
19 86 194.52701
19 87 165.23329
19 88 179.15924
19 89 194.04924
19 90 219.74252
19 91 193.59476
19 92 221.99402
19 93 193.12352
19 94 183.55521
19 95 189.27042
19 96 202.22620
19 97 187.90529
19 98 184.19788
19 99 175.85042
20 21 204.06505
20 22 163.49789
20 23 182.12784
20 24 210.82838
20 25 199.11024
20 26 181.87241
20 27 203.31024
20 28 188.35323
20 29 179.16046
20 30 183.18437
20 31 180.34299
20 32 168.16208
20 33 137.42757
20 34 153.21753
20 35 179.61513
20 36 166.04140
20 37 174.50981
20 38 159.24257
20 39 189.26572
20 40 161.01352
20 41 191.90575
20 42 131.22928
20 43 188.26567
20 44 128.60359
20 45 164.34167
20 46 175.34360
20 47 142.23967
20 48 149.89723
20 49 158.66147
20 50 120.92551
20 51 158.25069
20 52 173.62341
20 53 186.14154
20 54 160.63777
20 55 147.32710
20 56 185.12701
20 57 128.87109
20 58 175.99629
20 59 179.86166
20 60 171.48897
20 61 220.31255
20 62 159.37268
20 63 179.89862
20 64 203.07576
20 65 177.30891
20 66 190.85519
20 67 184.52863
20 68 173.66924
20 69 177.04102
20 70 190.41208
20 71 194.72882
20 72 154.21461
20 73 153.49574
20 74 223.10161
20 75 203.98508
20 76 190.91362
20 77 166.39360
20 78 157.51048
20 79 181.81807
20 80 194.39754
20 81 180.50682
20 82 188.34923
20 83 189.71107
20 84 180.11224
20 85 160.35645
20 86 172.25484
20 87 110.24934
20 88 185.37849
20 89 161.11140
20 90 182.85072
20 91 174.95355
20 92 215.68007
20 93 150.96991
20 94 156.01289
20 95 192.08182
20 96 127.06290
20 97 209.39345
20 98 172.74271
20 99 180.18877
21 22 198.88521
21 23 148.59363
21 24 161.96129
21 25 215.62375
21 26 150.01830
21 27 202.80836
21 28 168.04089
21 29 161.46465
21 30 150.13426
21 31 180.37560
21 32 189.58459
21 33 149.72372
21 34 198.52232
21 35 240.50899
21 36 200.97226
21 37 232.19037
21 38 186.75681
21 39 174.48071
21 40 207.61975
21 41 195.66287
21 42 171.76192
21 43 215.82623
21 44 190.96277
21 45 208.85429
21 46 159.97377
21 47 229.63820
21 48 171.81371
21 49 174.81317
21 50 218.60966
21 51 180.87665
21 52 186.54536
21 53 163.28625
21 54 188.09833
21 55 177.02605
21 56 202.19112
21 57 202.16988
21 58 200.95462
21 59 180.02988
21 60 211.92029
21 61 152.50389
21 62 179.61174
21 63 180.65813
21 64 224.32991
21 65 186.46878
21 66 187.20227
21 67 227.27759
21 68 219.65773
21 69 184.79424
21 70 189.59940
21 71 208.95384
21 72 209.20180
21 73 161.38980
21 74 160.86064
21 75 208.42239
21 76 227.03983
21 77 221.12094
21 78 162.07912
21 79 221.31255
21 80 208.82974
21 81 206.79944
21 82 173.04401
21 83 204.34648
21 84 191.57506
21 85 165.40086
21 86 204.02116
21 87 182.01532
21 88 205.23595
21 89 184.65961
21 90 196.04103
21 91 153.14160
21 92 188.55054
21 93 174.52417
21 94 183.66628
21 95 208.69751
21 96 166.75668
21 97 189.61801
21 98 176.78735
21 99 216.69890
22 23 190.65181
22 24 146.37903
22 25 152.06279
22 26 190.41521
22 27 157.30055
22 28 213.62122
22 29 171.68657
22 30 181.91216
22 31 180.70393
22 32 157.07121
22 33 185.38878
22 34 160.64642
22 35 142.09798
22 36 156.69395
22 37 169.17520
22 38 153.60091
22 39 146.53873
22 40 175.09517
22 41 191.84911
22 42 125.33687
22 43 170.66824
22 44 140.43159
22 45 195.56320
22 46 150.94133
22 47 166.51877
22 48 159.54929
22 49 196.66521
22 50 137.09946
22 51 144.13300
22 52 169.08986
22 53 166.02789
22 54 131.76416
22 55 156.20125
22 56 189.07019
22 57 159.53645
22 58 179.97479
22 59 177.00378
22 60 169.90738
22 61 126.44568
22 62 187.18774
22 63 187.64034
22 64 175.95601
22 65 148.21837
22 66 153.03729
22 67 192.77748
22 68 147.27318
22 69 193.85751
22 70 154.83774
22 71 156.56027
22 72 187.10951
22 73 172.46068
22 74 166.66386
22 75 148.20863
22 76 212.08272
22 77 198.85075
22 78 105.98338
22 79 139.84682
22 80 159.23714
22 81 167.10321
22 82 152.28571
22 83 162.46260
22 84 183.95964
22 85 187.10783
22 86 168.72060
22 87 145.26152
22 88 132.43651
22 89 186.58240
22 90 142.81929
22 91 190.64943
22 92 146.77805
22 93 186.06508
22 94 136.05403
22 95 168.71718
22 96 119.61252
22 97 125.00930
22 98 198.78943
22 99 125.38766
23 24 184.99976
23 25 181.12222
23 26 137.96352
23 27 201.14996
23 28 182.21313
23 29 158.58997
23 30 139.50867
23 31 156.62886
23 32 203.71310
23 33 161.41750
23 34 161.40346
23 35 199.20146
23 36 144.69145
23 37 194.24698
23 38 158.96414
23 39 182.85468
23 40 172.54773
23 41 178.49864
23 42 164.98534
23 43 175.54285
23 44 195.60448
23 45 174.35448
23 46 170.77933
23 47 174.64040
23 48 145.82840
23 49 162.36902
23 50 151.85176
23 51 153.85841
23 52 167.18549
23 53 164.79845
23 54 156.60248
23 55 167.65558
23 56 178.14134
23 57 156.87422
23 58 204.15222
23 59 166.87424
23 60 213.25784
23 61 168.23407
23 62 182.21861
23 63 179.42416
23 64 191.00443
23 65 172.85188
23 66 145.70534
23 67 202.01904
23 68 176.14944
23 69 179.44490
23 70 171.70056
23 71 213.20380
23 72 181.92934
23 73 181.49147
23 74 181.92419
23 75 161.57295
23 76 191.12759
23 77 179.40962
23 78 144.06468
23 79 195.65352
23 80 185.37082
23 81 157.59842
23 82 177.74982
23 83 192.68324
23 84 170.31380
23 85 146.56290
23 86 174.18021
23 87 159.77881
23 88 179.46519
23 89 153.22202
23 90 192.57782
23 91 143.28574
23 92 185.94803
23 93 177.42323
23 94 174.66014
23 95 194.18291
23 96 189.70284
23 97 202.92784
23 98 156.56351
23 99 179.12140
24 25 185.07587
24 26 198.96774
24 27 161.30936
24 28 184.32466
24 29 173.77734
24 30 189.52672
24 31 210.93666
24 32 171.60449
24 33 171.43095
24 34 179.80763
24 35 176.27364
24 36 184.72464
24 37 166.65726
24 38 184.21014
24 39 117.26649
24 40 223.27632
24 41 206.20070
24 42 159.19576
24 43 179.55884
24 44 190.29878
24 45 235.90039
24 46 143.81694
24 47 218.69104
24 48 138.16656
24 49 213.70082
24 50 194.45012
24 51 146.19868
24 52 173.85571
24 53 149.17802
24 54 174.64861
24 55 169.22662
24 56 208.05473
24 57 193.13365
24 58 182.96848
24 59 158.16292
24 60 188.97772
24 61 158.75555
24 62 194.54210
24 63 176.64470
24 64 212.93266
24 65 186.70248
24 66 190.23730
24 67 228.76930
24 68 169.21002
24 69 181.98297
24 70 205.01721
24 71 182.19127
24 72 218.12166
24 73 166.78963
24 74 174.52586
24 75 180.53769
24 76 192.30930
24 77 244.48805
24 78 147.88039
24 79 156.65446
24 80 210.82108
24 81 170.08435
24 82 184.49495
24 83 146.04237
24 84 218.31236
24 85 192.44560
24 86 199.17358
24 87 205.38129
24 88 211.99741
24 89 195.62540
24 90 177.10144
24 91 214.95180
24 92 188.59966
24 93 202.91525
24 94 157.26180
24 95 180.11676
24 96 162.22327
24 97 150.65469
24 98 193.03069
24 99 202.21928
25 26 184.55237
25 27 140.88342
25 28 236.48415
25 29 176.43999
25 30 173.69229
25 31 170.02618
25 32 210.77409
25 33 186.57245
25 34 192.18620
25 35 178.01591
25 36 170.34373
25 37 165.45844
25 38 202.90991
25 39 141.90611
25 40 167.36465
25 41 179.41136
25 42 163.85608
25 43 181.53334
25 44 162.90704
25 45 184.27628
25 46 193.75604
25 47 205.37506
25 48 164.36688
25 49 188.11789
25 50 145.57388
25 51 181.85922
25 52 181.48236
25 53 187.42242
25 54 192.75459
25 55 175.24097
25 56 200.06271
25 57 201.30412
25 58 187.03113
25 59 195.93582
25 60 187.47858
25 61 163.91571
25 62 165.38953
25 63 180.84090
25 64 197.50844
25 65 130.45248
25 66 173.38815
25 67 157.82957
25 68 172.60710
25 69 197.22496
25 70 129.13460
25 71 178.15457
25 72 173.22266
25 73 196.45718
25 74 151.62387
25 75 158.12531
25 76 183.42162
25 77 172.83368
25 78 170.13905
25 79 161.24576
25 80 158.34390
25 81 150.62874
25 82 171.20544
25 83 188.06714
25 84 150.71527
25 85 178.33620
25 86 149.25679
25 87 133.52185
25 88 163.80307
25 89 176.09866
25 90 201.40460
25 91 170.17570
25 92 168.47446
25 93 207.83586
25 94 146.29967
25 95 173.81302
25 96 177.13315
25 97 151.57132
25 98 192.42403
25 99 157.80710
26 27 178.27744
26 28 175.99345
26 29 134.58896
26 30 166.34488
26 31 161.13847
26 32 155.28241
26 33 156.78667
26 34 166.15880
26 35 182.76807
26 36 181.46004
26 37 210.45323
26 38 180.60468
26 39 198.58469
26 40 166.54428
26 41 210.63277
26 42 182.62315
26 43 165.90652
26 44 177.27391
26 45 197.72261
26 46 160.97450
26 47 206.47206
26 48 190.08669
26 49 162.02931
26 50 155.76643
26 51 163.60260
26 52 153.34789
26 53 160.24437
26 54 201.84560
26 55 170.33047
26 56 206.58208
26 57 188.03757
26 58 221.90009
26 59 197.45926
26 60 198.03946
26 61 176.23842
26 62 154.39687
26 63 131.28900
26 64 198.68178
26 65 176.80566
26 66 129.69060
26 67 190.40724
26 68 199.45320
26 69 215.99158
26 70 142.67064
26 71 210.08942
26 72 181.73323
26 73 173.73677
26 74 189.12122
26 75 183.15079
26 76 171.77121
26 77 173.23175
26 78 168.52628
26 79 194.68379
26 80 174.41582
26 81 179.89610
26 82 195.29019
26 83 211.50261
26 84 147.23756
26 85 146.00342
26 86 182.09250
26 87 152.84549
26 88 170.53560
26 89 182.97772
26 90 177.25641
26 91 147.78894
26 92 155.03358
26 93 151.40245
26 94 207.34129
26 95 188.40042
26 96 144.79988
26 97 194.28833
26 98 169.90698
26 99 142.49605
27 28 215.89247
27 29 194.86504
27 30 176.11797
27 31 187.60135
27 32 150.61937
27 33 181.23723
27 34 201.07642
27 35 169.78413
27 36 177.71375
27 37 156.25668
27 38 168.55942
27 39 128.89285
27 40 184.94777
27 41 187.36502
27 42 176.25737
27 43 152.72206
27 44 201.04709
27 45 185.71169
27 46 166.21745
27 47 206.32008
27 48 182.08040
27 49 214.48807
27 50 168.47337
27 51 184.63837
27 52 162.78477
27 53 175.01855
27 54 183.15591
27 55 159.22653
27 56 187.96638
27 57 223.04677
27 58 154.77098
27 59 213.83920
27 60 176.39445
27 61 173.25581
27 62 176.53772
27 63 154.84732
27 64 247.19054
27 65 186.51328
27 66 146.29237
27 67 154.96448
27 68 168.78123
27 69 224.78987
27 70 146.71463
27 71 198.58459
27 72 162.45555
27 73 190.66209
27 74 173.18596
27 75 169.41803
27 76 164.19875
27 77 192.53453
27 78 158.78438
27 79 176.15634
27 80 196.66290
27 81 168.65767
27 82 177.35611
27 83 167.26085
27 84 184.66890
27 85 170.03194
27 86 202.50555
27 87 175.55031
27 88 205.60895
27 89 204.09149
27 90 156.72108
27 91 181.76401
27 92 151.10326
27 93 226.68008
27 94 163.75861
27 95 131.62589
27 96 180.90416
27 97 119.81595
27 98 188.66679
27 99 183.00894
28 29 172.12717
28 30 162.40852
28 31 241.96783
28 32 186.88306
28 33 166.77632
28 34 167.37363
28 35 224.58577
28 36 174.01231
28 37 223.98381
28 38 208.19637
28 39 211.38223
28 40 235.68532
28 41 236.95090
28 42 189.19760
28 43 191.85623
28 44 195.58479
28 45 223.99933
28 46 165.46150
28 47 232.32930
28 48 196.20567
28 49 211.63152
28 50 219.71846
28 51 175.58981
28 52 178.39157
28 53 147.82549
28 54 223.51654
28 55 170.53278
28 56 186.59082
28 57 172.61366
28 58 198.28914
28 59 138.06628
28 60 190.18796
28 61 217.87341
28 62 206.32646
28 63 155.21843
28 64 203.57152
28 65 206.04070
28 66 219.83389
28 67 193.33028
28 68 194.95415
28 69 197.03673
28 70 193.13608
28 71 258.27960
28 72 231.20752
28 73 208.44614
28 74 207.12366
28 75 217.17877
28 76 211.80753
28 77 223.68518
28 78 185.83806
28 79 175.52940
28 80 199.41531
28 81 181.95673
28 82 198.50528
28 83 199.65778
28 84 189.54303
28 85 183.08649
28 86 199.83293
28 87 211.58557
28 88 201.10641
28 89 208.89536
28 90 202.70532
28 91 189.91711
28 92 203.28163
28 93 154.48308
28 94 231.34790
28 95 214.29565
28 96 182.95813
28 97 219.84898
28 98 200.67102
28 99 209.47655
29 30 145.92030
29 31 168.44734
29 32 145.23845
29 33 149.87888
29 34 132.60799
29 35 170.25160
29 36 166.51552
29 37 171.34891
29 38 164.91245
29 39 181.64525
29 40 186.19086
29 41 200.90465
29 42 179.28098
29 43 175.54813
29 44 132.52879
29 45 185.19258
29 46 141.83653
29 47 175.53026
29 48 164.87486
29 49 144.09731
29 50 168.74388
29 51 141.27269
29 52 164.38338
29 53 136.53955
29 54 169.19943
29 55 181.99672
29 56 152.90527
29 57 168.54788
29 58 183.01241
29 59 166.30869
29 60 171.48555
29 61 164.99196
29 62 161.42404
29 63 166.04555
29 64 169.66515
29 65 163.70169
29 66 150.55670
29 67 182.81468
29 68 186.95163
29 69 164.70554
29 70 170.18852
29 71 194.84042
29 72 176.82451
29 73 154.80444
29 74 140.54875
29 75 191.68433
29 76 182.69148
29 77 162.92462
29 78 156.56525
29 79 185.24156
29 80 140.96811
29 81 191.45442
29 82 180.49785
29 83 145.32834
29 84 150.99442
29 85 125.92673
29 86 148.67220
29 87 158.68393
29 88 162.41766
29 89 162.96198
29 90 187.27505
29 91 161.43486
29 92 171.40543
29 93 101.65858
29 94 174.37105
29 95 218.17085
29 96 147.77394
29 97 201.67696
29 98 140.14313
29 99 123.71332
30 31 174.61646
30 32 180.22311
30 33 166.66820
30 34 141.12234
30 35 207.17703
30 36 159.78917
30 37 167.35080
30 38 144.58621
30 39 173.28981
30 40 173.90327
30 41 161.76584
30 42 160.32167
30 43 191.75829
30 44 177.88176
30 45 154.26727
30 46 164.29306
30 47 200.86877
30 48 161.47632
30 49 166.75119
30 50 192.54182
30 51 156.32570
30 52 174.01335
30 53 156.93404
30 54 178.71135
30 55 161.05127
30 56 101.97304
30 57 186.19060
30 58 122.74532
30 59 176.03278
30 60 194.69566
30 61 163.12001
30 62 200.28061
30 63 179.59550
30 64 202.49130
30 65 168.83253
30 66 157.65694
30 67 189.55028
30 68 202.45650
30 69 180.29247
30 70 162.01817
30 71 239.44453
30 72 165.28069
30 73 163.50308
30 74 132.66583
30 75 140.52141
30 76 192.79094
30 77 142.06870
30 78 166.62239
30 79 184.29959
30 80 180.84210
30 81 187.90610
30 82 170.93147
30 83 169.71327
30 84 141.18353
30 85 142.66351
30 86 165.40079
30 87 160.89503
30 88 173.65233
30 89 159.49963
30 90 172.34657
30 91 144.49811
30 92 172.19443
30 93 170.74519
30 94 161.97414
30 95 195.61168
30 96 183.91501
30 97 206.94122
30 98 143.05383
30 99 179.39972
31 32 191.78462
31 33 196.65332
31 34 199.15987
31 35 203.59163
31 36 205.39861
31 37 220.13338
31 38 174.55902
31 39 184.85933
31 40 188.49774
31 41 155.85728
31 42 196.83641
31 43 194.71158
31 44 174.05855
31 45 166.79442
31 46 195.05017
31 47 187.75975
31 48 166.98439
31 49 142.17139
31 50 148.99454
31 51 167.20705
31 52 219.06189
31 53 191.14723
31 54 169.76221
31 55 195.33443
31 56 198.89789
31 57 175.30458
31 58 191.41226
31 59 234.49648
31 60 204.05652
31 61 178.80136
31 62 183.72610
31 63 208.62798
31 64 217.05508
31 65 152.68979
31 66 168.95876
31 67 186.35287
31 68 194.57745
31 69 209.97191
31 70 150.55676
31 71 220.11307
31 72 186.76109
31 73 148.53622
31 74 192.10609
31 75 161.67987
31 76 192.55402
31 77 172.27023
31 78 191.01450
31 79 223.38312
31 80 184.49762
31 81 193.80919
31 82 134.49593
31 83 196.56163
31 84 193.74423
31 85 154.34900
31 86 183.42787
31 87 117.43425
31 88 201.39304
31 89 167.55510
31 90 191.46381
31 91 179.43411
31 92 206.19769
31 93 200.80537
31 94 148.48541
31 95 180.81770
31 96 166.51471
31 97 182.52603
31 98 175.95129
31 99 175.65306
32 33 150.79353
32 34 150.43980
32 35 139.14444
32 36 180.81029
32 37 178.09998
32 38 144.00153
32 39 187.43610
32 40 214.80328
32 41 195.94962
32 42 176.19618
32 43 141.98100
32 44 176.34528
32 45 196.82831
32 46 129.19995
32 47 189.17270
32 48 185.51604
32 49 202.03125
32 50 172.08969
32 51 153.58080
32 52 181.52589
32 53 137.09634
32 54 160.31180
32 55 152.55681
32 56 163.33229
32 57 185.14841
32 58 176.93517
32 59 208.84265
32 60 157.50288
32 61 185.06026
32 62 158.78773
32 63 169.45575
32 64 206.10654
32 65 188.04970
32 66 155.83833
32 67 185.46388
32 68 200.55821
32 69 195.39737
32 70 192.63145
32 71 211.58913
32 72 164.66655
32 73 153.19812
32 74 195.75089
32 75 181.13249
32 76 190.43832
32 77 191.33849
32 78 143.71902
32 79 180.51024
32 80 200.50023
32 81 210.91565
32 82 174.45966
32 83 162.31143
32 84 186.99742
32 85 158.84789
32 86 184.80066
32 87 168.48053
32 88 195.21405
32 89 192.44049
32 90 127.48466
32 91 191.45261
32 92 167.96506
32 93 182.93752
32 94 192.07985
32 95 162.39507
32 96 124.69846
32 97 163.51688
32 98 156.46443
32 99 159.84248
33 34 172.44974
33 35 189.36868
33 36 151.10155
33 37 179.53798
33 38 182.32285
33 39 165.02058
33 40 167.20894
33 41 188.40942
33 42 144.01166
33 43 168.87720
33 44 175.47420
33 45 191.21231
33 46 124.74798
33 47 183.67188
33 48 141.47052
33 49 192.28580
33 50 166.17766
33 51 146.05409
33 52 173.86304
33 53 169.80310
33 54 179.24934
33 55 161.28297
33 56 186.55525
33 57 178.27904
33 58 176.11964
33 59 155.63023
33 60 162.26022
33 61 182.81335
33 62 120.21631
33 63 150.04504
33 64 205.48804
33 65 160.27515
33 66 169.32982
33 67 166.84549
33 68 180.13350
33 69 174.99023
33 70 186.99562
33 71 179.61664
33 72 154.46710
33 73 138.10489
33 74 178.84048
33 75 198.74963
33 76 190.05811
33 77 180.91148
33 78 134.48250
33 79 177.62860
33 80 208.64305
33 81 205.90079
33 82 182.29240
33 83 175.23825
33 84 157.45531
33 85 140.97606
33 86 175.81268
33 87 142.83910
33 88 195.15556
33 89 137.37439
33 90 203.69984
33 91 160.32843
33 92 186.88298
33 93 160.40065
33 94 165.92302
33 95 177.37651
33 96 131.13058
33 97 179.70062
33 98 168.12646
33 99 181.65598
34 35 147.62979
34 36 150.79361
34 37 158.07977
34 38 162.57404
34 39 205.97403
34 40 171.84334
34 41 187.85330
34 42 145.61568
34 43 152.81850
34 44 139.59554
34 45 181.28189
34 46 156.41171
34 47 169.25342
34 48 168.79498
34 49 177.24734
34 50 162.27242
34 51 142.10677
34 52 142.51567
34 53 126.38059
34 54 161.61479
34 55 125.54420
34 56 162.80284
34 57 164.24820
34 58 178.52531
34 59 163.86139
34 60 159.45946
34 61 209.32646
34 62 170.79895
34 63 166.08528
34 64 136.51692
34 65 181.96565
34 66 166.15547
34 67 204.90636
34 68 170.37323
34 69 160.54662
34 70 194.64955
34 71 209.77702
34 72 184.98778
34 73 153.20763
34 74 170.48479
34 75 164.17522
34 76 165.92931
34 77 155.33929
34 78 153.02823
34 79 140.41786
34 80 166.04266
34 81 161.14931
34 82 197.95085
34 83 160.08438
34 84 142.71173
34 85 155.21626
34 86 131.75319
34 87 163.49449
34 88 160.81863
34 89 171.18126
34 90 162.77574
34 91 165.86378
34 92 183.66699
34 93 130.57953
34 94 179.88152
34 95 192.24864
34 96 150.12883
34 97 219.75575
34 98 123.14054
34 99 159.18478
35 36 152.21669
35 37 173.44235
35 38 149.78938
35 39 180.33813
35 40 198.68135
35 41 189.51346
35 42 144.89999
35 43 133.58266
35 44 181.11905
35 45 206.77695
35 46 180.02769
35 47 147.90703
35 48 201.19359
35 49 202.88484
35 50 149.66122
35 51 166.83186
35 52 197.09587
35 53 150.15355
35 54 153.32227
35 55 147.56790
35 56 198.10524
35 57 190.17094
35 58 203.80322
35 59 190.37746
35 60 150.94231
35 61 194.14207
35 62 160.18829
35 63 211.17751
35 64 189.84120
35 65 178.26094
35 66 150.80167
35 67 204.03709
35 68 171.86229
35 69 191.61897
35 70 197.57686
35 71 181.92619
35 72 166.31306
35 73 178.24493
35 74 202.10489
35 75 163.52359
35 76 171.10956
35 77 169.69023
35 78 148.85214
35 79 117.89206
35 80 189.84979
35 81 183.05098
35 82 191.55412
35 83 184.54854
35 84 185.77054
35 85 164.90280
35 86 158.79388
35 87 169.94313
35 88 206.07051
35 89 179.11978
35 90 129.82169
35 91 212.67987
35 92 147.62096
35 93 206.36880
35 94 174.42993
35 95 170.84366
35 96 145.61539
35 97 170.69711
35 98 198.64583
35 99 152.27451
36 37 174.69376
36 38 174.90274
36 39 178.56158
36 40 176.92303
36 41 150.03375
36 42 144.80600
36 43 146.80809
36 44 173.90002
36 45 176.36064
36 46 162.81668
36 47 133.71320
36 48 166.08780
36 49 174.66753
36 50 167.06290
36 51 169.73683
36 52 170.15067
36 53 142.60294
36 54 141.79086
36 55 145.43559
36 56 171.34392
36 57 167.00349
36 58 186.81892
36 59 125.21928
36 60 171.43704
36 61 176.70845
36 62 155.57179
36 63 173.26576
36 64 183.27736
36 65 137.51213
36 66 139.26067
36 67 156.40688
36 68 161.17656
36 69 197.92372
36 70 158.10124
36 71 201.84123
36 72 177.58876
36 73 167.08281
36 74 185.19289
36 75 169.31451
36 76 183.73167
36 77 164.08096
36 78 100.83225
36 79 134.05121
36 80 156.46417
36 81 182.38637
36 82 181.21219
36 83 196.20528
36 84 164.88040
36 85 163.05115
36 86 178.82336
36 87 161.80888
36 88 155.12163
36 89 180.49345
36 90 185.03322
36 91 150.73112
36 92 163.82344
36 93 177.52483
36 94 188.60936
36 95 173.34001
36 96 166.26056
36 97 170.14378
36 98 200.87733
36 99 150.33789
37 38 161.08650
37 39 138.34096
37 40 181.59517
37 41 207.25784
37 42 170.40025
37 43 193.17204
37 44 181.10994
37 45 201.70078
37 46 164.12360
37 47 191.16878
37 48 140.09077
37 49 196.30986
37 50 154.92636
37 51 169.50262
37 52 153.50403
37 53 187.42828
37 54 182.30872
37 55 185.15256
37 56 156.64426
37 57 203.96123
37 58 149.40105
37 59 193.83075
37 60 205.01266
37 61 209.06128
37 62 207.58640
37 63 179.95978
37 64 237.01230
37 65 207.38773
37 66 167.35643
37 67 216.21654
37 68 190.55678
37 69 202.84230
37 70 215.04523
37 71 211.55524
37 72 161.34639
37 73 184.28601
37 74 195.41539
37 75 190.00194
37 76 163.93184
37 77 194.62148
37 78 172.30200
37 79 188.29010
37 80 206.23167
37 81 183.22711
37 82 232.29204
37 83 141.87831
37 84 204.41768
37 85 183.54318
37 86 198.92181
37 87 185.26213
37 88 205.77899
37 89 196.32755
37 90 196.98093
37 91 211.83977
37 92 215.90834
37 93 194.28827
37 94 160.92172
37 95 211.67209
37 96 195.32202
37 97 214.37712
37 98 166.81900
37 99 183.24445
38 39 165.29501
38 40 189.40417
38 41 186.25172
38 42 143.23640
38 43 183.40656
38 44 182.66910
38 45 152.98418
38 46 179.89946
38 47 137.57477
38 48 174.13203
38 49 174.65324
38 50 156.80666
38 51 156.62978
38 52 185.13551
38 53 171.62383
38 54 114.04081
38 55 157.40085
38 56 121.40395
38 57 165.89938
38 58 146.89085
38 59 202.33253
38 60 190.45615
38 61 165.67326
38 62 202.78561
38 63 220.88898
38 64 230.17619
38 65 205.56647
38 66 145.55432
38 67 218.17026
38 68 190.49886
38 69 165.78857
38 70 199.29614
38 71 202.92430
38 72 125.76082
38 73 183.64177
38 74 184.07227
38 75 165.04591
38 76 204.61533
38 77 158.61707
38 78 142.47214
38 79 193.90111
38 80 205.78171
38 81 188.67455
38 82 176.38493
38 83 159.65512
38 84 194.02998
38 85 137.31752
38 86 177.83922
38 87 166.21368
38 88 209.38095
38 89 162.08296
38 90 105.75890
38 91 181.57361
38 92 161.65041
38 93 197.66374
38 94 135.81244
38 95 192.36952
38 96 176.48915
38 97 191.16202
38 98 154.72858
38 99 181.10666
39 40 195.22527
39 41 178.40645
39 42 141.29990
39 43 189.49710
39 44 191.29082
39 45 212.79675
39 46 142.44652
39 47 206.64780
39 48 147.62479
39 49 188.84274
39 50 161.74918
39 51 179.91080
39 52 189.44701
39 53 166.40952
39 54 173.52193
39 55 179.25282
39 56 188.09483
39 57 209.01317
39 58 154.20782
39 59 167.18510
39 60 178.88901
39 61 149.98029
39 62 180.66327
39 63 189.33563
39 64 238.53799
39 65 167.77122
39 66 171.22258
39 67 202.36571
39 68 174.87810
39 69 190.38692
39 70 188.92058
39 71 173.99953
39 72 167.45030
39 73 171.56700
39 74 162.86284
39 75 175.34183
39 76 174.92339
39 77 216.73544
39 78 157.43614
39 79 176.00681
39 80 197.50061
39 81 166.97687
39 82 164.24484
39 83 158.38876
39 84 213.49956
39 85 165.42767
39 86 194.83803
39 87 161.45566
39 88 217.82205
39 89 171.23703
39 90 183.61249
39 91 212.77394
39 92 178.54012
39 93 212.49884
39 94 123.79109
39 95 182.76810
39 96 167.98170
39 97 137.11510
39 98 202.49019
39 99 196.30438
40 41 217.51149
40 42 149.57283
40 43 199.70607
40 44 175.92921
40 45 181.75981
40 46 190.47513
40 47 169.52435
40 48 186.06776
40 49 200.23114
40 50 148.60617
40 51 171.17612
40 52 141.19151
40 53 226.28209
40 54 198.35251
40 55 181.18073
40 56 224.34149
40 57 217.38850
40 58 191.86540
40 59 207.79868
40 60 195.24501
40 61 202.69614
40 62 181.68915
40 63 169.26762
40 64 222.50075
40 65 197.70372
40 66 133.33415
40 67 195.50740
40 68 152.93358
40 69 229.47865
40 70 163.58565
40 71 173.78304
40 72 170.06451
40 73 180.64781
40 74 172.78923
40 75 193.81238
40 76 179.57294
40 77 137.84033
40 78 169.83476
40 79 188.16005
40 80 198.45908
40 81 189.79962
40 82 226.30479
40 83 199.15228
40 84 137.03423
40 85 160.84032
40 86 184.60039
40 87 153.23146
40 88 182.43961
40 89 168.43683
40 90 216.13077
40 91 158.43570
40 92 172.85611
40 93 169.63405
40 94 152.10008
40 95 199.45361
40 96 177.15518
40 97 219.36957
40 98 190.06548
40 99 165.02377
41 42 175.73373
41 43 176.98885
41 44 193.80235
41 45 166.22816
41 46 198.20914
41 47 184.55470
41 48 185.65717
41 49 154.36682
41 50 197.83113
41 51 211.43730
41 52 238.66904
41 53 149.06984
41 54 149.38437
41 55 164.81744
41 56 185.16121
41 57 211.48129
41 58 175.19937
41 59 193.03227
41 60 184.51118
41 61 196.83147
41 62 156.83546
41 63 223.01471
41 64 211.61783
41 65 129.33142
41 66 186.21857
41 67 197.44078
41 68 223.64104
41 69 196.70601
41 70 193.58209
41 71 226.09608
41 72 173.43359
41 73 128.37447
41 74 189.97083
41 75 154.48100
41 76 186.00600
41 77 175.68333
41 78 170.02557
41 79 195.62625
41 80 189.84662
41 81 215.73282
41 82 152.74028
41 83 222.63341
41 84 198.40346
41 85 165.59669
41 86 189.38434
41 87 140.67769
41 88 212.80386
41 89 174.46179
41 90 194.50836
41 91 180.64433
41 92 206.60585
41 93 232.20969
41 94 176.27980
41 95 169.31198
41 96 182.65440
41 97 174.28000
41 98 191.80055
41 99 214.22447
42 43 176.32671
42 44 155.48203
42 45 186.71588
42 46 158.68152
42 47 155.82225
42 48 156.99571
42 49 182.69316
42 50 151.22382
42 51 162.76530
42 52 166.44591
42 53 159.47379
42 54 148.00261
42 55 99.93108
42 56 184.63557
42 57 170.61742
42 58 178.15550
42 59 153.93756
42 60 159.16537
42 61 162.38547
42 62 148.62854
42 63 198.18663
42 64 189.39827
42 65 166.87386
42 66 161.72928
42 67 203.72453
42 68 161.68890
42 69 158.58472
42 70 184.54016
42 71 158.00647
42 72 163.12018
42 73 156.91127
42 74 166.79102
42 75 175.00616
42 76 200.17531
42 77 168.74121
42 78 121.00607
42 79 116.97223
42 80 192.35153
42 81 157.29762
42 82 169.48207
42 83 179.87131
42 84 160.22940
42 85 161.25481
42 86 149.05693
42 87 134.58052
42 88 186.64290
42 89 149.33562
42 90 138.02051
42 91 164.00513
42 92 155.41158
42 93 178.38043
42 94 121.94859
42 95 179.49487
42 96 120.76930
42 97 170.55519
42 98 183.42514
42 99 182.77435
43 44 203.26880
43 45 166.99083
43 46 156.81522
43 47 176.69933
43 48 200.01497
43 49 209.07054
43 50 148.76204
43 51 186.13803
43 52 193.92256
43 53 128.60052
43 54 162.49036
43 55 141.08830
43 56 201.34331
43 57 190.21461
43 58 207.98448
43 59 169.33321
43 60 153.56113
43 61 188.81931
43 62 137.32849
43 63 154.66356
43 64 150.98190
43 65 182.67133
43 66 154.19620
43 67 149.10999
43 68 153.92632
43 69 203.36430
43 70 175.66580
43 71 192.10323
43 72 182.80165
43 73 177.55319
43 74 186.27101
43 75 160.14868
43 76 161.47746
43 77 198.69003
43 78 155.63107
43 79 148.17160
43 80 156.30586
43 81 155.07390
43 82 176.41315
43 83 159.74391
43 84 149.54889
43 85 144.30008
43 86 181.60031
43 87 166.97858
43 88 184.41609
43 89 154.94365
43 90 173.60446
43 91 185.71819
43 92 166.65111
43 93 210.05171
43 94 193.90631
43 95 166.16057
43 96 164.69762
43 97 151.15948
43 98 164.13762
43 99 161.27023
44 45 171.40936
44 46 190.94492
44 47 160.84575
44 48 158.82423
44 49 131.21021
44 50 155.62189
44 51 158.37195
44 52 152.68030
44 53 163.67371
44 54 157.97447
44 55 158.55864
44 56 190.23584
44 57 143.15450
44 58 182.53122
44 59 173.67409
44 60 168.76546
44 61 197.44081
44 62 161.72833
44 63 173.26187
44 64 171.38510
44 65 148.66354
44 66 197.21791
44 67 189.74951
44 68 178.44691
44 69 154.70970
44 70 162.19849
44 71 170.48619
44 72 180.83368
44 73 159.96907
44 74 176.46669
44 75 204.65247
44 76 194.95950
44 77 165.74344
44 78 154.66774
44 79 176.94814
44 80 138.36317
44 81 171.49120
44 82 183.03889
44 83 184.99216
44 84 163.95239
44 85 168.74281
44 86 138.64406
44 87 128.73096
44 88 138.76268
44 89 190.29832
44 90 186.76759
44 91 152.24344
44 92 194.00761
44 93 109.19549
44 94 158.49126
44 95 200.78461
44 96 131.17235
44 97 196.54889
44 98 163.84941
44 99 152.05397
45 46 227.66422
45 47 143.08180
45 48 190.43921
45 49 158.47075
45 50 168.22443
45 51 202.78188
45 52 203.65910
45 53 193.42070
45 54 143.23488
45 55 163.77179
45 56 158.28462
45 57 170.60704
45 58 172.19218
45 59 206.18079
45 60 206.70161
45 61 197.05038
45 62 182.32870
45 63 202.02287
45 64 202.20413
45 65 198.70753
45 66 184.08778
45 67 163.70543
45 68 193.99007
45 69 183.85147
45 70 168.14497
45 71 208.07761
45 72 151.76624
45 73 192.39980
45 74 182.58780
45 75 190.11763
45 76 211.81538
45 77 152.98006
45 78 180.01019
45 79 217.71594
45 80 161.14960
45 81 182.33354
45 82 189.81389
45 83 176.07236
45 84 140.81744
45 85 139.28186
45 86 187.54895
45 87 150.30438
45 88 182.96570
45 89 152.06389
45 90 190.13547
45 91 131.32021
45 92 203.61478
45 93 206.18759
45 94 160.11110
45 95 210.66301
45 96 206.31699
45 97 205.23486
45 98 137.91208
45 99 192.18747
46 47 212.46782
46 48 162.38115
46 49 209.87149
46 50 162.21509
46 51 151.72101
46 52 171.35487
46 53 135.36838
46 54 179.79869
46 55 175.52263
46 56 181.55945
46 57 197.90356
46 58 178.05095
46 59 160.56216
46 60 152.50900
46 61 164.10173
46 62 163.35912
46 63 148.22536
46 64 190.45045
46 65 167.69391
46 66 149.27765
46 67 184.20967
46 68 170.60835
46 69 201.55447
46 70 193.32184
46 71 200.38815
46 72 187.53116
46 73 149.44083
46 74 164.52861
46 75 174.85484
46 76 180.13205
46 77 215.15146
46 78 135.09534
46 79 174.10005
46 80 189.27821
46 81 192.78786
46 82 161.13101
46 83 151.34515
46 84 191.20844
46 85 157.06949
46 86 185.60509
46 87 161.80988
46 88 183.93080
46 89 171.54002
46 90 189.26863
46 91 204.58459
46 92 174.43530
46 93 162.96307
46 94 180.55270
46 95 180.53214
46 96 130.35228
46 97 161.03786
46 98 177.65755
46 99 158.70395
47 48 185.61800
47 49 164.67540
47 50 151.53090
47 51 178.81107
47 52 190.73349
47 53 193.01291
47 54 104.41208
47 55 166.44334
47 56 188.38806
47 57 157.95670
47 58 196.12097
47 59 186.34087
47 60 185.37129
47 61 205.78189
47 62 176.77560
47 63 224.05792
47 64 212.15373
47 65 195.53123
47 66 157.74539
47 67 192.81044
47 68 159.46214
47 69 186.16022
47 70 194.94452
47 71 176.17882
47 72 160.07138
47 73 181.44873
47 74 209.54523
47 75 209.32231
47 76 205.06859
47 77 150.78915
47 78 136.72437
47 79 185.65370
47 80 179.84196
47 81 197.64610
47 82 203.02948
47 83 185.65100
47 84 188.28725
47 85 150.38918
47 86 185.65245
47 87 164.35303
47 88 198.28955
47 89 171.43074
47 90 178.92998
47 91 169.22011
47 92 190.51624
47 93 183.38354
47 94 155.90303
47 95 208.04924
47 96 182.51474
47 97 206.70622
47 98 189.58633
47 99 170.56192
48 49 169.14557
48 50 153.57361
48 51 115.96442
48 52 162.76709
48 53 188.20497
48 54 166.72623
48 55 166.77765
48 56 169.76923
48 57 130.78815
48 58 170.15805
48 59 184.78214
48 60 220.49207
48 61 174.52087
48 62 191.57111
48 63 174.16873
48 64 217.20271
48 65 166.50656
48 66 181.26868
48 67 199.20105
48 68 179.53572
48 69 185.07025
48 70 179.23105
48 71 211.11826
48 72 198.37582
48 73 142.87715
48 74 202.19319
48 75 182.21567
48 76 204.25558
48 77 205.78442
48 78 147.53140
48 79 183.85809
48 80 209.29356
48 81 177.78023
48 82 187.19952
48 83 151.13805
48 84 198.21533
48 85 193.29448
48 86 194.77037
48 87 157.86839
48 88 183.47380
48 89 180.70200
48 90 194.96974
48 91 171.21938
48 92 230.72002
48 93 181.13763
48 94 138.97258
48 95 190.10484
48 96 157.20882
48 97 192.13945
48 98 164.63060
48 99 184.46039
49 50 172.55267
49 51 200.62311
49 52 198.00682
49 53 161.92810
49 54 165.25044
49 55 178.06700
49 56 181.85591
49 57 165.36847
49 58 203.47958
49 59 187.47874
49 60 217.97488
49 61 198.19272
49 62 171.29735
49 63 200.20264
49 64 213.26736
49 65 166.37448
49 66 180.41858
49 67 211.57521
49 68 226.64285
49 69 190.74113
49 70 177.05357
49 71 219.01048
49 72 184.56755
49 73 148.49284
49 74 204.77287
49 75 212.44035
49 76 189.04315
49 77 173.34793
49 78 186.06561
49 79 218.86891
49 80 148.86169
49 81 193.27591
49 82 195.72243
49 83 212.67680
49 84 191.89339
49 85 157.27493
49 86 194.92009
49 87 138.50119
49 88 188.29790
49 89 189.88635
49 90 198.58109
49 91 154.42603
49 92 221.65428
49 93 156.93901
49 94 183.02533
49 95 233.22925
49 96 170.87366
49 97 221.07356
49 98 175.21419
49 99 181.17819
50 51 154.73409
50 52 166.22246
50 53 181.23676
50 54 153.07246
50 55 167.67679
50 56 197.37816
50 57 144.62100
50 58 196.62309
50 59 188.48790
50 60 174.83148
50 61 186.82759
50 62 161.26950
50 63 166.85181
50 64 180.06847
50 65 166.96164
50 66 151.26163
50 67 169.94125
50 68 138.98996
50 69 190.64162
50 70 163.70033
50 71 167.20268
50 72 148.10828
50 73 182.69748
50 74 202.48100
50 75 164.54149
50 76 164.77652
50 77 177.27550
50 78 152.01346
50 79 177.63150
50 80 162.24649
50 81 133.92160
50 82 173.99973
50 83 167.71971
50 84 171.85870
50 85 149.52657
50 86 160.01311
50 87 103.63505
50 88 163.94406
50 89 147.12187
50 90 181.60309
50 91 187.47250
50 92 185.74985
50 93 177.01695
50 94 145.38509
50 95 178.76659
50 96 146.71997
50 97 173.59782
50 98 166.88313
50 99 134.88008
51 52 156.70459
51 53 184.34419
51 54 172.12730
51 55 177.15077
51 56 172.01218
51 57 134.79305
51 58 156.48077
51 59 186.50189
51 60 182.44246
51 61 174.00108
51 62 200.60463
51 63 169.23285
51 64 197.66891
51 65 163.53453
51 66 164.13084
51 67 194.84639
51 68 147.60738
51 69 182.58176
51 70 165.22707
51 71 206.61388
51 72 188.46799
51 73 153.88948
51 74 183.57271
51 75 145.81133
51 76 191.06364
51 77 170.34796
51 78 143.65398
51 79 157.69273
51 80 210.88501
51 81 187.84212
51 82 174.45773
51 83 150.66769
51 84 176.69084
51 85 170.05161
51 86 159.84970
51 87 166.69954
51 88 175.47903
51 89 167.93570
51 90 171.32184
51 91 185.88608
51 92 180.43112
51 93 156.65314
51 94 145.28113
51 95 160.54579
51 96 140.70903
51 97 189.56422
51 98 170.06430
51 99 148.59982
52 53 184.00269
52 54 190.09798
52 55 155.29779
52 56 206.23035
52 57 191.74075
52 58 193.18164
52 59 186.33853
52 60 198.63882
52 61 209.39418
52 62 191.16708
52 63 116.54308
52 64 218.77228
52 65 211.64047
52 66 156.87279
52 67 202.54826
52 68 154.33301
52 69 204.78940
52 70 169.45816
52 71 191.59332
52 72 194.29208
52 73 199.72224
52 74 185.48183
52 75 213.29939
52 76 173.69032
52 77 188.14986
52 78 146.10095
52 79 181.79306
52 80 189.20520
52 81 150.65562
52 82 232.16814
52 83 180.44040
52 84 169.33543
52 85 183.12175
52 86 185.90953
52 87 192.58197
52 88 165.72655
52 89 220.55971
52 90 190.31766
52 91 145.01468
52 92 179.37451
52 93 135.68265
52 94 189.09601
52 95 187.97853
52 96 180.98578
52 97 210.02263
52 98 163.20520
52 99 173.33983
53 54 150.25476
53 55 130.53159
53 56 171.40999
53 57 182.91464
53 58 187.71748
53 59 130.51761
53 60 137.12460
53 61 181.22560
53 62 137.53560
53 63 167.01404
53 64 149.12352
53 65 151.70576
53 66 176.72543
53 67 189.03728
53 68 189.09045
53 69 152.45699
53 70 189.73660
53 71 202.66550
53 72 183.95543
53 73 154.49080
53 74 161.71059
53 75 167.58037
53 76 161.39999
53 77 198.33963
53 78 144.21553
53 79 151.62141
53 80 142.19382
53 81 158.09056
53 82 149.12532
53 83 177.34117
53 84 177.14471
53 85 140.28143
53 86 151.40884
53 87 162.04349
53 88 180.55785
53 89 175.85100
53 90 156.91866
53 91 178.04959
53 92 164.52853
53 93 165.41318
53 94 195.22794
53 95 175.99606
53 96 147.88057
53 97 160.40916
53 98 155.93184
53 99 177.74001
54 55 152.66881
54 56 167.27559
54 57 154.79518
54 58 177.07657
54 59 173.26349
54 60 173.05692
54 61 163.24161
54 62 169.55147
54 63 215.67328
54 64 187.87070
54 65 170.66685
54 66 162.29462
54 67 203.27194
54 68 169.21144
54 69 147.06693
54 70 197.51015
54 71 158.97382
54 72 150.09839
54 73 167.84029
54 74 177.64432
54 75 172.98409
54 76 208.80565
54 77 184.45837
54 78 98.18858
54 79 190.89220
54 80 169.61732
54 81 182.02776
54 82 156.24907
54 83 167.64009
54 84 196.98958
54 85 146.98021
54 86 169.55069
54 87 152.81497
54 88 178.44591
54 89 163.12079
54 90 151.49017
54 91 167.06805
54 92 174.38919
54 93 194.69505
54 94 140.03847
54 95 179.62379
54 96 170.17621
54 97 158.24159
54 98 157.90567
54 99 177.18102
55 56 179.53412
55 57 164.97639
55 58 191.00948
55 59 175.03998
55 60 166.37016
55 61 189.87016
55 62 134.53539
55 63 175.96703
55 64 179.53319
55 65 181.54655
55 66 170.69530
55 67 181.21796
55 68 174.12392
55 69 165.72784
55 70 172.64845
55 71 195.98766
55 72 182.64752
55 73 159.31696
55 74 185.18532
55 75 183.38464
55 76 191.19296
55 77 173.62138
55 78 136.14827
55 79 121.29051
55 80 182.81680
55 81 138.94623
55 82 173.32201
55 83 180.81104
55 84 147.68637
55 85 168.18726
55 86 157.80812
55 87 151.76456
55 88 185.85822
55 89 179.68672
55 90 116.17435
55 91 131.11510
55 92 172.22989
55 93 185.74643
55 94 165.47696
55 95 161.39162
55 96 136.42287
55 97 172.32285
55 98 152.43770
55 99 194.56169
56 57 171.58456
56 58 133.08179
56 59 204.17761
56 60 212.38425
56 61 181.50786
56 62 222.51782
56 63 220.73668
56 64 227.07446
56 65 197.54201
56 66 180.58968
56 67 193.96684
56 68 225.86636
56 69 182.95349
56 70 196.83492
56 71 262.09790
56 72 165.38295
56 73 193.64050
56 74 181.56380
56 75 176.25095
56 76 227.37933
56 77 168.17484
56 78 174.54784
56 79 205.35245
56 80 198.40210
56 81 213.42029
56 82 182.88730
56 83 157.25954
56 84 187.55252
56 85 166.90399
56 86 188.12776
56 87 182.43565
56 88 197.91302
56 89 185.96892
56 90 161.25354
56 91 180.78691
56 92 203.94202
56 93 197.21347
56 94 178.77232
56 95 221.87695
56 96 201.00531
56 97 218.66277
56 98 154.96564
56 99 186.07365
57 58 207.37041
57 59 180.92859
57 60 216.44739
57 61 189.87862
57 62 203.23477
57 63 199.21301
57 64 179.70042
57 65 176.66496
57 66 206.17644
57 67 189.20070
57 68 178.91801
57 69 174.62762
57 70 172.96939
57 71 225.65501
57 72 210.15244
57 73 190.14565
57 74 230.65102
57 75 193.81693
57 76 235.89320
57 77 204.85875
57 78 156.39641
57 79 182.41771
57 80 180.71674
57 81 167.82477
57 82 173.91660
57 83 179.37947
57 84 193.98241
57 85 192.61183
57 86 181.75842
57 87 155.86209
57 88 160.33003
57 89 184.89201
57 90 176.49225
57 91 174.47589
57 92 225.41992
57 93 170.06197
57 94 177.32295
57 95 210.39212
57 96 155.46950
57 97 204.74060
57 98 180.09709
57 99 166.72133
58 59 194.73589
58 60 164.16862
58 61 205.50964
58 62 215.89461
58 63 198.56068
58 64 247.34286
58 65 184.16124
58 66 195.26706
58 67 192.14084
58 68 183.30496
58 69 181.36484
58 70 195.18867
58 71 226.33299
58 72 142.60887
58 73 171.27831
58 74 159.75690
58 75 158.97757
58 76 175.99098
58 77 157.41553
58 78 181.60573
58 79 197.70712
58 80 218.17197
58 81 207.91942
58 82 174.73987
58 83 157.14642
58 84 195.75217
58 85 149.40755
58 86 178.44896
58 87 175.54300
58 88 221.88211
58 89 172.02127
58 90 188.17839
58 91 203.64687
58 92 190.41779
58 93 199.04327
58 94 134.40781
58 95 169.08150
58 96 198.38017
58 97 195.17468
58 98 173.14804
58 99 210.58194
59 60 159.44897
59 61 190.25316
59 62 169.72093
59 63 169.76939
59 64 162.03156
59 65 163.18756
59 66 202.18599
59 67 199.69193
59 68 163.09657
59 69 162.37631
59 70 201.90538
59 71 179.43939
59 72 197.72867
59 73 188.01411
59 74 170.63541
59 75 195.04990
59 76 184.59637
59 77 214.95702
59 78 147.30481
59 79 152.70825
59 80 154.59692
59 81 165.83881
59 82 191.29941
59 83 189.47610
59 84 181.45366
59 85 155.92429
59 86 174.62337
59 87 183.21732
59 88 178.77855
59 89 161.17450
59 90 221.65704
59 91 194.87347
59 92 182.31206
59 93 159.93820
59 94 191.59157
59 95 213.37769
59 96 177.61465
59 97 188.27242
59 98 203.83334
59 99 189.69994
60 61 220.94061
60 62 135.51976
60 63 186.56625
60 64 179.65231
60 65 158.50627
60 66 199.76912
60 67 169.41483
60 68 144.32188
60 69 157.31168
60 70 200.98145
60 71 167.26300
60 72 154.29424
60 73 176.43446
60 74 156.58636
60 75 180.18964
60 76 151.39291
60 77 170.21111
60 78 163.71779
60 79 153.24091
60 80 182.33171
60 81 182.47066
60 82 147.69113
60 83 186.88818
60 84 177.21338
60 85 123.38213
60 86 119.97869
60 87 152.27682
60 88 213.20143
60 89 155.30649
60 90 191.37115
60 91 211.46725
60 92 147.61797
60 93 173.33427
60 94 169.60451
60 95 146.27359
60 96 154.91209
60 97 161.49022
60 98 188.89262
60 99 191.78297
61 62 200.75697
61 63 207.84474
61 64 203.44453
61 65 163.71127
61 66 145.51036
61 67 202.94370
61 68 201.45227
61 69 213.68124
61 70 152.30789
61 71 188.71999
61 72 204.98230
61 73 189.98920
61 74 146.07925
61 75 162.83440
61 76 250.09331
61 77 219.10690
61 78 133.92412
61 79 187.59488
61 80 173.49568
61 81 203.20116
61 82 156.69604
61 83 176.88963
61 84 180.24776
61 85 185.87436
61 86 205.50607
61 87 174.19017
61 88 157.93507
61 89 179.37610
61 90 169.29480
61 91 178.33659
61 92 147.80772
61 93 216.33273
61 94 160.34648
61 95 211.74049
61 96 161.02521
61 97 135.01726
61 98 208.24504
61 99 147.36777
62 63 166.58904
62 64 175.91609
62 65 146.97310
62 66 175.88712
62 67 161.10934
62 68 187.45444
62 69 171.16081
62 70 182.93736
62 71 154.04480
62 72 158.63231
62 73 144.96545
62 74 178.35713
62 75 206.29329
62 76 169.23686
62 77 177.37619
62 78 149.87434
62 79 168.80070
62 80 169.99274
62 81 183.64249
62 82 172.58904
62 83 205.07210
62 84 148.79021
62 85 135.74165
62 86 153.38091
62 87 121.82616
62 88 196.33185
62 89 152.47911
62 90 195.43867
62 91 153.13922
62 92 175.08278
62 93 177.48622
62 94 181.97404
62 95 169.78125
62 96 130.40787
62 97 160.97267
62 98 169.83276
62 99 184.87065
63 64 197.91331
63 65 186.49062
63 66 170.07945
63 67 162.90945
63 68 165.69641
63 69 227.11443
63 70 150.53212
63 71 205.63745
63 72 202.22278
63 73 181.52754
63 74 190.76881
63 75 198.75385
63 76 150.34830
63 77 209.88573
63 78 170.11649
63 79 188.10188
63 80 170.00145
63 81 163.31447
63 82 216.28571
63 83 185.44521
63 84 156.11343
63 85 172.85809
63 86 203.25275
63 87 178.35252
63 88 158.20930
63 89 203.43570
63 90 220.88811
63 91 164.80792
63 92 189.87560
63 93 152.81467
63 94 213.45607
63 95 176.80060
63 96 167.42125
63 97 186.26073
63 98 173.36784
63 99 164.90460
64 65 172.77094
64 66 219.04872
64 67 205.84241
64 68 188.44112
64 69 178.80188
64 70 204.31473
64 71 200.96603
64 72 232.33936
64 73 203.98236
64 74 180.51427
64 75 182.38095
64 76 224.33450
64 77 221.43929
64 78 182.63808
64 79 169.34273
64 80 134.91920
64 81 172.89442
64 82 188.19466
64 83 197.97569
64 84 150.71533
64 85 186.58853
64 86 146.69995
64 87 171.65564
64 88 142.16643
64 89 168.22682
64 90 223.28806
64 91 200.81639
64 92 203.16170
64 93 180.66972
64 94 215.14107
64 95 229.56073
64 96 172.24133
64 97 209.77280
64 98 177.35191
64 99 166.60542
65 66 183.18491
65 67 162.66907
65 68 189.21617
65 69 187.26042
65 70 140.33202
65 71 195.74098
65 72 180.06818
65 73 147.52968
65 74 169.17186
65 75 139.00880
65 76 190.35675
65 77 172.46916
65 78 143.94583
65 79 161.77901
65 80 157.50085
65 81 198.04124
65 82 123.39429
65 83 218.83209
65 84 173.87830
65 85 170.44838
65 86 145.48575
65 87 109.84933
65 88 150.12260
65 89 170.63577
65 90 203.55980
65 91 177.62099
65 92 170.20262
65 93 185.40453
65 94 173.18173
65 95 151.15340
65 96 135.79689
65 97 140.56639
65 98 209.52103
65 99 151.60834
66 67 185.41991
66 68 175.74866
66 69 237.79939
66 70 149.03036
66 71 198.45088
66 72 169.34042
66 73 163.22786
66 74 171.47153
66 75 163.94630
66 76 177.85046
66 77 156.91277
66 78 131.54041
66 79 178.06636
66 80 176.84682
66 81 198.22147
66 82 199.06737
66 83 179.52835
66 84 161.23367
66 85 151.43633
66 86 203.87132
66 87 166.16866
66 88 173.48384
66 89 182.93091
66 90 162.30600
66 91 159.86047
66 92 138.02133
66 93 186.69403
66 94 175.32663
66 95 187.11934
66 96 162.45177
66 97 177.20718
66 98 186.43051
66 99 119.98755
67 68 160.63477
67 69 228.16310
67 70 120.20812
67 71 226.48784
67 72 193.50064
67 73 204.68262
67 74 190.39709
67 75 200.73105
67 76 201.96632
67 77 180.44617
67 78 178.32248
67 79 183.72299
67 80 160.08427
67 81 185.93672
67 82 160.11375
67 83 185.59256
67 84 151.82587
67 85 166.52357
67 86 189.55969
67 87 154.54427
67 88 178.61642
67 89 187.90594
67 90 217.14474
67 91 165.31558
67 92 189.58200
67 93 200.53699
67 94 198.21921
67 95 174.10564
67 96 184.02161
67 97 161.20546
67 98 202.51419
67 99 163.80620
68 69 195.24110
68 70 166.30470
68 71 160.22249
68 72 196.57997
68 73 202.59094
68 74 174.05745
68 75 181.32335
68 76 169.76538
68 77 192.08069
68 78 151.46628
68 79 149.26286
68 80 178.38722
68 81 131.93536
68 82 176.60094
68 83 150.54033
68 84 176.71648
68 85 157.40181
68 86 165.76103
68 87 176.42297
68 88 189.35382
68 89 167.11913
68 90 204.05180
68 91 197.00700
68 92 167.65211
68 93 178.08163
68 94 145.09744
68 95 162.67815
68 96 181.00655
68 97 167.50009
68 98 196.41496
68 99 171.24275
69 70 234.94472
69 71 174.36157
69 72 160.20432
69 73 201.57292
69 74 166.55363
69 75 203.82976
69 76 213.54703
69 77 194.41922
69 78 170.30028
69 79 196.12602
69 80 200.05437
69 81 172.17154
69 82 172.40428
69 83 182.22795
69 84 190.86639
69 85 145.90849
69 86 107.69135
69 87 170.06961
69 88 217.91434
69 89 147.38663
69 90 191.46103
69 91 189.61183
69 92 199.93120
69 93 178.03792
69 94 154.48396
69 95 207.21500
69 96 191.33513
69 97 208.60548
69 98 140.54477
69 99 228.78600
70 71 216.11389
70 72 203.20523
70 73 191.03384
70 74 174.08714
70 75 165.88908
70 76 202.59756
70 77 165.44508
70 78 162.56880
70 79 170.39377
70 80 144.49411
70 81 170.08806
70 82 161.27136
70 83 202.29343
70 84 138.58897
70 85 178.99301
70 86 187.08414
70 87 146.87309
70 88 132.57597
70 89 200.81303
70 90 185.26912
70 91 133.36829
70 92 153.77576
70 93 184.48999
70 94 182.52304
70 95 166.79520
70 96 161.71866
70 97 152.11798
70 98 207.02309
70 99 126.84011
71 72 173.84338
71 73 206.83357
71 74 167.91774
71 75 223.36179
71 76 209.53592
71 77 219.67982
71 78 152.35320
71 79 198.82289
71 80 189.02109
71 81 187.65248
71 82 210.44359
71 83 197.62585
71 84 191.04108
71 85 166.96347
71 86 175.41118
71 87 173.79004
71 88 203.14977
71 89 166.06993
71 90 221.94148
71 91 204.29143
71 92 168.17699
71 93 201.07179
71 94 149.38101
71 95 208.29643
71 96 177.66971
71 97 167.45956
71 98 205.23624
71 99 196.43817
72 73 189.47282
72 74 175.89465
72 75 174.86668
72 76 166.94402
72 77 132.93233
72 78 162.11081
72 79 210.55460
72 80 204.11911
72 81 201.07379
72 82 187.75755
72 83 195.80576
72 84 174.62775
72 85 107.57805
72 86 152.96815
72 87 134.42857
72 88 215.25548
72 89 137.65721
72 90 181.03513
72 91 184.45316
72 92 160.62572
72 93 199.99133
72 94 149.56053
72 95 173.96904
72 96 188.02554
72 97 189.03952
72 98 159.81171
72 99 192.48885
73 74 186.99535
73 75 175.29395
73 76 171.26283
73 77 176.67302
73 78 162.14775
73 79 179.17778
73 80 199.59610
73 81 220.73491
73 82 176.14125
73 83 183.12103
73 84 185.14108
73 85 160.86153
73 86 192.62189
73 87 139.47775
73 88 203.60249
73 89 166.33653
73 90 189.31554
73 91 180.33476
73 92 210.42973
73 93 174.49599
73 94 158.48070
73 95 179.18004
73 96 116.73819
73 97 190.12738
73 98 172.69817
73 99 183.99123
74 75 168.22522
74 76 199.40399
74 77 172.72168
74 78 163.92165
74 79 183.59552
74 80 158.74489
74 81 186.29677
74 82 164.12337
74 83 157.48769
74 84 136.44263
74 85 132.65157
74 86 142.14427
74 87 173.92365
74 88 179.18806
74 89 149.82080
74 90 201.99081
74 91 169.12161
74 92 133.25206
74 93 176.83441
74 94 144.89458
74 95 201.34711
74 96 188.60551
74 97 173.04242
74 98 162.65932
74 99 177.60515
75 76 180.56586
75 77 171.88434
75 78 166.83546
75 79 161.31477
75 80 194.48912
75 81 185.21631
75 82 148.01213
75 83 193.07242
75 84 173.65796
75 85 168.98935
75 86 160.61989
75 87 155.37323
75 88 177.16368
75 89 157.16292
75 90 170.07121
75 91 207.64937
75 92 155.75172
75 93 227.17966
75 94 163.58495
75 95 142.80008
75 96 176.72293
75 97 162.55424
75 98 188.88570
75 99 165.52596
76 77 175.07686
76 78 205.44460
76 79 188.07487
76 80 195.72063
76 81 171.01344
76 82 217.28592
76 83 200.36649
76 84 195.51376
76 85 139.15314
76 86 182.19849
76 87 176.75366
76 88 233.49655
76 89 184.57800
76 90 220.87308
76 91 218.52208
76 92 195.35292
76 93 187.43738
76 94 194.11382
76 95 168.03444
76 96 197.56656
76 97 209.71063
76 98 184.51048
76 99 201.78011
77 78 183.33533
77 79 182.63092
77 80 195.65927
77 81 211.46846
77 82 198.01477
77 83 212.49687
77 84 134.46539
77 85 131.54303
77 86 140.68007
77 87 145.96483
77 88 201.76021
77 89 163.74802
77 90 183.81270
77 91 153.62689
77 92 162.03041
77 93 173.94298
77 94 165.69980
77 95 183.96634
77 96 186.46696
77 97 226.79509
77 98 176.20467
77 99 172.16541
78 79 151.45483
78 80 169.98378
78 81 178.03304
78 82 158.39163
78 83 174.56949
78 84 172.53273
78 85 161.33430
78 86 166.45908
78 87 151.60107
78 88 141.07857
78 89 175.63217
78 90 150.47157
78 91 143.18680
78 92 137.50296
78 93 170.57532
78 94 156.53394
78 95 152.88620
78 96 134.88782
78 97 130.16411
78 98 177.79616
78 99 144.91624
79 80 185.64822
79 81 158.48166
79 82 183.16701
79 83 185.92389
79 84 158.77122
79 85 189.54068
79 86 155.06511
79 87 177.19997
79 88 185.20168
79 89 184.05817
79 90 156.71829
79 91 195.00705
79 92 154.53093
79 93 195.31429
79 94 175.14142
79 95 167.57007
79 96 139.47968
79 97 169.52261
79 98 214.40085
79 99 167.94525
80 81 156.36411
80 82 179.02774
80 83 185.82343
80 84 149.89877
80 85 158.85667
80 86 172.89597
80 87 153.31210
80 88 117.95741
80 89 186.77255
80 90 211.44475
80 91 165.59920
80 92 177.56114
80 93 157.40158
80 94 199.21475
80 95 227.72601
80 96 177.36354
80 97 180.35349
80 98 184.49580
80 99 127.38969
81 82 182.68178
81 83 170.66316
81 84 172.17744
81 85 170.67177
81 86 157.73245
81 87 167.92024
81 88 183.91063
81 89 180.88858
81 90 182.70499
81 91 179.56856
81 92 188.39444
81 93 188.74062
81 94 168.11316
81 95 188.63516
81 96 190.54356
81 97 181.56729
81 98 166.88687
81 99 194.28343
82 83 190.37384
82 84 196.82994
82 85 157.48598
82 86 151.71980
82 87 129.13411
82 88 194.18411
82 89 162.30501
82 90 170.16382
82 91 195.05881
82 92 169.77580
82 93 210.11108
82 94 154.52513
82 95 150.20596
82 96 153.42607
82 97 121.40528
82 98 196.34384
82 99 188.14713
83 84 182.21777
83 85 158.68048
83 86 190.90527
83 87 193.05823
83 88 204.42032
83 89 160.38483
83 90 188.65082
83 91 205.09872
83 92 207.18011
83 93 186.91316
83 94 135.72110
83 95 218.70695
83 96 185.80118
83 97 192.37550
83 98 139.19661
83 99 177.94156
84 85 141.62567
84 86 143.90509
84 87 148.37112
84 88 146.43738
84 89 141.99744
84 90 194.94614
84 91 119.51914
84 92 153.18788
84 93 165.81903
84 94 177.76701
84 95 199.86797
84 96 166.98456
84 97 201.29208
84 98 149.39720
84 99 150.38710
85 86 136.56595
85 87 133.90022
85 88 202.52913
85 89 97.34637
85 90 183.20294
85 91 164.46150
85 92 145.43312
85 93 153.84785
85 94 143.56909
85 95 180.79112
85 96 170.94516
85 97 182.47299
85 98 134.31253
85 99 172.21143
86 87 133.70686
86 88 181.64125
86 89 142.46735
86 90 181.96614
86 91 177.73001
86 92 155.39297
86 93 158.71640
86 94 154.11737
86 95 170.78816
86 96 164.22183
86 97 192.84032
86 98 152.60242
86 99 178.99011
87 88 157.95129
87 89 129.21179
87 90 179.38705
87 91 157.31154
87 92 177.92136
87 93 167.66180
87 94 136.18835
87 95 165.08954
87 96 115.15708
87 97 161.07863
87 98 163.51662
87 99 150.54370
88 89 207.60666
88 90 208.45741
88 91 152.24823
88 92 180.09761
88 93 162.26248
88 94 207.94049
88 95 212.95892
88 96 162.10089
88 97 185.30536
88 98 192.69579
88 99 106.98147
89 90 205.67928
89 91 191.22467
89 92 179.82455
89 93 192.77118
89 94 125.54344
89 95 201.27882
89 96 170.79001
89 97 192.71574
89 98 152.96480
89 99 187.81387
90 91 183.03143
90 92 151.84299
90 93 217.11755
90 94 171.86818
90 95 171.41327
90 96 151.02922
90 97 169.99377
90 98 183.23257
90 99 186.65352
91 92 178.89375
91 93 164.73611
91 94 185.35254
91 95 194.52808
91 96 177.77478
91 97 198.32030
91 98 150.18059
91 99 179.46292
92 93 197.00174
92 94 179.21669
92 95 160.38492
92 96 169.76721
92 97 142.70981
92 98 209.57094
92 99 152.96222
93 94 196.56482
93 95 228.77846
93 96 154.32719
93 97 235.11668
93 98 167.21144
93 99 155.78267
94 95 179.91895
94 96 162.87651
94 97 168.18201
94 98 165.66666
94 99 190.33630
95 96 170.09964
95 97 130.35652
95 98 204.87949
95 99 205.96057
96 97 154.29683
96 98 188.97411
96 99 139.73351
97 98 219.96480
97 99 177.13004
98 99 198.26512
