100 10
0 1 84.83486
0 2 123.78426
0 3 126.46503
0 4 137.21652
0 5 138.96931
0 6 116.60052
0 7 143.69429
0 8 170.22852
0 9 144.20099
0 10 104.20095
0 11 105.61649
0 12 151.45869
0 13 127.46044
0 14 72.82554
0 15 133.97260
0 16 95.41848
0 17 130.60991
0 18 135.91362
0 19 117.98811
0 20 141.09219
0 21 109.93896
0 22 141.35405
0 23 78.62261
0 24 97.93249
0 25 142.39117
0 26 127.82429
0 27 130.93051
0 28 141.72189
0 29 123.29733
0 30 117.15739
0 31 124.63799
0 32 104.79630
0 33 136.02553
0 34 147.77434
0 35 120.79648
0 36 121.55407
0 37 146.93365
0 38 128.29147
0 39 119.80851
0 40 96.27794
0 41 119.41251
0 42 143.37585
0 43 143.30846
0 44 102.44833
0 45 93.80772
0 46 105.18726
0 47 117.93181
0 48 106.59509
0 49 126.70336
0 50 138.72978
0 51 132.02106
0 52 125.31349
0 53 120.62604
0 54 99.98814
0 55 152.33145
0 56 111.14942
0 57 91.46391
0 58 112.03036
0 59 139.95528
0 60 125.09349
0 61 127.35120
0 62 114.34366
0 63 121.32609
0 64 118.80939
0 65 108.82745
0 66 140.23102
0 67 112.32156
0 68 118.55499
0 69 136.68431
0 70 135.17734
0 71 146.59389
0 72 140.93698
0 73 148.03394
0 74 97.79894
0 75 98.21228
0 76 162.92523
0 77 138.18904
0 78 92.35155
0 79 125.00488
0 80 77.00683
0 81 117.31516
0 82 92.84646
0 83 119.56525
0 84 177.49042
0 85 129.54498
0 86 128.55896
0 87 163.98497
0 88 120.55865
0 89 145.69283
0 90 97.07300
0 91 150.79228
0 92 101.15961
0 93 115.24708
0 94 139.53662
0 95 103.15936
0 96 96.53579
0 97 102.27741
0 98 130.96635
0 99 125.31177
1 2 161.00851
1 3 131.95137
1 4 136.99310
1 5 168.72382
1 6 108.97796
1 7 165.31816
1 8 158.14183
1 9 135.79022
1 10 100.07075
1 11 120.84438
1 12 181.29260
1 13 128.09659
1 14 118.01199
1 15 128.71390
1 16 125.98801
1 17 144.53964
1 18 152.98930
1 19 123.07777
1 20 118.88224
1 21 129.45772
1 22 144.20744
1 23 71.86141
1 24 93.61535
1 25 122.70863
1 26 122.65721
1 27 128.04666
1 28 139.00235
1 29 116.15706
1 30 143.33018
1 31 135.18259
1 32 96.72774
1 33 144.12273
1 34 127.11905
1 35 93.70065
1 36 134.59094
1 37 181.73686
1 38 108.10586
1 39 139.92049
1 40 123.31934
1 41 153.78755
1 42 146.95193
1 43 134.35159
1 44 141.36478
1 45 112.23527
1 46 137.56146
1 47 127.83984
1 48 124.35238
1 49 135.31268
1 50 162.28644
1 51 104.34298
1 52 137.56537
1 53 81.58915
1 54 114.39355
1 55 179.87685
1 56 133.26103
1 57 102.66398
1 58 114.97063
1 59 122.89514
1 60 147.50069
1 61 136.00401
1 62 68.96846
1 63 161.83810
1 64 137.88219
1 65 102.53853
1 66 159.42511
1 67 119.59663
1 68 140.94839
1 69 150.89395
1 70 126.74623
1 71 134.74767
1 72 145.17271
1 73 133.70682
1 74 126.27525
1 75 94.50666
1 76 170.21999
1 77 131.45575
1 78 91.75460
1 79 123.46058
1 80 71.64105
1 81 122.98221
1 82 117.04529
1 83 135.20964
1 84 172.55898
1 85 146.98439
1 86 112.71347
1 87 170.36197
1 88 122.64178
1 89 156.77019
1 90 135.64604
1 91 158.24846
1 92 104.19619
1 93 157.61526
1 94 149.56952
1 95 119.72808
1 96 123.52821
1 97 143.49698
1 98 98.45505
1 99 118.49467
2 3 127.61580
2 4 145.10973
2 5 138.04248
2 6 159.31612
2 7 157.83817
2 8 163.63037
2 9 135.04466
2 10 147.68195
2 11 135.98436
2 12 132.48811
2 13 139.04909
2 14 177.10008
2 15 185.75360
2 16 125.53341
2 17 164.53719
2 18 178.71123
2 19 165.84663
2 20 168.14140
2 21 167.02234
2 22 181.73788
2 23 144.45555
2 24 143.32909
2 25 195.39905
2 26 164.17950
2 27 194.70836
2 28 102.38687
2 29 164.34453
2 30 111.80186
2 31 136.90205
2 32 126.73434
2 33 171.11902
2 34 169.89050
2 35 160.16655
2 36 131.48354
2 37 117.25349
2 38 168.91832
2 39 149.67686
2 40 124.25578
2 41 149.75002
2 42 119.86034
2 43 176.01826
2 44 117.50397
2 45 158.31851
2 46 128.94382
2 47 175.15636
2 48 123.89919
2 49 134.44530
2 50 174.31688
2 51 158.64008
2 52 107.05370
2 53 170.44380
2 54 155.38812
2 55 142.31488
2 56 84.65987
2 57 142.07753
2 58 148.91608
2 59 207.74127
2 60 117.57936
2 61 161.07422
2 62 181.58037
2 63 110.71526
2 64 124.29583
2 65 115.13570
2 66 122.73334
2 67 180.33342
2 68 112.74122
2 69 167.21735
2 70 173.55573
2 71 132.63847
2 72 157.90137
2 73 182.21674
2 74 145.75452
2 75 141.98941
2 76 159.06902
2 77 185.53644
2 78 161.10660
2 79 159.74605
2 80 119.64996
2 81 116.29744
2 82 145.58995
2 83 125.16164
2 84 147.65675
2 85 91.27222
2 86 156.51569
2 87 181.49867
2 88 150.86174
2 89 141.40527
2 90 125.35091
2 91 168.01822
2 92 148.68355
2 93 86.25761
2 94 145.21855
2 95 161.39296
2 96 102.09036
2 97 144.16406
2 98 159.29047
2 99 157.45203
3 4 111.16761
3 5 130.20392
3 6 117.69994
3 7 147.77530
3 8 132.59874
3 9 144.41357
3 10 137.54216
3 11 163.38350
3 12 144.36935
3 13 129.45929
3 14 161.76994
3 15 143.02831
3 16 118.92040
3 17 153.58878
3 18 105.75848
3 19 145.94081
3 20 164.32884
3 21 154.14961
3 22 142.16380
3 23 114.11724
3 24 115.99002
3 25 159.81871
3 26 127.05368
3 27 143.92018
3 28 86.19361
3 29 116.53187
3 30 131.45001
3 31 167.14262
3 32 111.13931
3 33 148.31416
3 34 171.76894
3 35 127.42839
3 36 63.24903
3 37 129.15019
3 38 111.95815
3 39 158.05853
3 40 145.21097
3 41 149.13947
3 42 98.06201
3 43 124.27350
3 44 142.61833
3 45 137.03012
3 46 158.25092
3 47 147.68532
3 48 155.51738
3 49 107.72556
3 50 176.58105
3 51 118.25285
3 52 120.31535
3 53 126.00038
3 54 149.28966
3 55 114.65441
3 56 131.96931
3 57 111.50731
3 58 69.04081
3 59 152.04401
3 60 131.62091
3 61 147.58618
3 62 125.96014
3 63 112.96314
3 64 95.11101
3 65 123.91503
3 66 139.93622
3 67 146.03442
3 68 132.41301
3 69 125.13511
3 70 141.15869
3 71 126.64357
3 72 110.27174
3 73 149.23756
3 74 137.95981
3 75 131.86086
3 76 127.77577
3 77 171.19991
3 78 152.14851
3 79 163.67953
3 80 127.41222
3 81 134.11018
3 82 123.51511
3 83 128.12970
3 84 139.89661
3 85 146.94684
3 86 101.17009
3 87 113.63758
3 88 102.70264
3 89 138.86200
3 90 144.82393
3 91 104.59271
3 92 135.19136
3 93 147.44960
3 94 134.83772
3 95 124.43337
3 96 168.34990
3 97 147.62984
3 98 113.28763
3 99 114.01921
4 5 106.82875
4 6 93.36469
4 7 162.80374
4 8 122.05419
4 9 135.14883
4 10 94.85596
4 11 141.04608
4 12 158.51315
4 13 109.14619
4 14 151.56960
4 15 166.34081
4 16 153.63826
4 17 140.91652
4 18 160.24834
4 19 121.39954
4 20 176.97412
4 21 163.15852
4 22 174.39479
4 23 143.13588
4 24 144.03653
4 25 156.57106
4 26 146.45596
4 27 157.01579
4 28 119.96825
4 29 143.16869
4 30 107.62158
4 31 137.93607
4 32 142.77379
4 33 132.49063
4 34 178.47052
4 35 88.90449
4 36 129.07776
4 37 126.54189
4 38 142.69833
4 39 175.90120
4 40 131.60455
4 41 120.27864
4 42 134.40149
4 43 147.11137
4 44 118.26678
4 45 147.25594
4 46 151.61131
4 47 147.99704
4 48 169.42833
4 49 94.36897
4 50 149.51402
4 51 88.44920
4 52 96.88549
4 53 149.12637
4 54 138.68907
4 55 153.18239
4 56 142.58594
4 57 116.39508
4 58 114.78802
4 59 173.54660
4 60 106.46487
4 61 147.93851
4 62 144.47993
4 63 145.04004
4 64 126.38748
4 65 136.20723
4 66 158.31206
4 67 101.14511
4 68 128.87775
4 69 135.37688
4 70 167.19359
4 71 135.28348
4 72 121.45174
4 73 118.93010
4 74 153.10339
4 75 148.86368
4 76 125.28104
4 77 142.50427
4 78 158.78873
4 79 154.12048
4 80 136.88147
4 81 133.05975
4 82 119.83235
4 83 136.28343
4 84 134.77943
4 85 168.23717
4 86 95.47717
4 87 160.80688
4 88 84.77148
4 89 159.68025
4 90 125.83995
4 91 166.14383
4 92 172.64072
4 93 144.23807
4 94 177.75429
4 95 161.73828
4 96 143.89848
4 97 158.44070
4 98 114.77950
4 99 136.77458
5 6 127.53777
5 7 116.92000
5 8 145.91748
5 9 166.91441
5 10 120.92619
5 11 153.81216
5 12 160.39468
5 13 118.75859
5 14 157.15921
5 15 175.78098
5 16 153.30737
5 17 129.20917
5 18 157.07350
5 19 152.10109
5 20 201.49527
5 21 137.88120
5 22 183.68759
5 23 147.45004
5 24 152.21951
5 25 143.35741
5 26 151.77652
5 27 140.13712
5 28 154.95261
5 29 172.83076
5 30 84.67644
5 31 161.65627
5 32 162.22704
5 33 152.47798
5 34 176.97157
5 35 134.34767
5 36 165.80998
5 37 77.65839
5 38 150.81229
5 39 187.49571
5 40 171.06023
5 41 139.95811
5 42 134.72188
5 43 169.15575
5 44 109.25424
5 45 115.50625
5 46 148.60025
5 47 164.03761
5 48 178.00020
5 49 131.30571
5 50 161.08388
5 51 146.50989
5 52 110.21945
5 53 183.68953
5 54 107.74949
5 55 146.02254
5 56 154.45409
5 57 142.59558
5 58 140.64598
5 59 185.78961
5 60 141.50916
5 61 155.41913
5 62 162.48106
5 63 117.36107
5 64 107.47134
5 65 166.63458
5 66 172.49159
5 67 151.05998
5 68 135.20157
5 69 137.28406
5 70 186.21573
5 71 154.74178
5 72 130.92592
5 73 122.01630
5 74 163.28215
5 75 171.47162
5 76 138.32251
5 77 121.28972
5 78 188.11124
5 79 146.16595
5 80 156.76389
5 81 121.79543
5 82 147.84796
5 83 132.93187
5 84 123.80936
5 85 158.89635
5 86 134.52249
5 87 141.16124
5 88 129.71130
5 89 117.94451
5 90 143.86319
5 91 177.04788
5 92 167.56879
5 93 132.15755
5 94 140.85104
5 95 157.54198
5 96 156.42053
5 97 177.64455
5 98 130.45992
5 99 148.69044
6 7 139.17352
6 8 109.36919
6 9 91.92725
6 10 61.75033
6 11 104.74266
6 12 143.36696
6 13 103.66825
6 14 123.52623
6 15 106.49342
6 16 154.83047
6 17 100.48325
6 18 156.10670
6 19 79.97556
6 20 147.98625
6 21 124.54424
6 22 142.54185
6 23 107.00586
6 24 94.69904
6 25 105.05184
6 26 90.16025
6 27 128.18922
6 28 141.49326
6 29 100.43751
6 30 119.79070
6 31 119.49641
6 32 114.49784
6 33 93.77836
6 34 128.78764
6 35 64.90479
6 36 123.88498
6 37 150.66309
6 38 104.10950
6 39 155.61119
6 40 134.63771
6 41 127.05973
6 42 110.91901
6 43 101.01965
6 44 148.10887
6 45 134.24940
6 46 140.46127
6 47 121.27863
6 48 128.67346
6 49 95.40402
6 50 121.94090
6 51 104.62823
6 52 97.36920
6 53 131.12354
6 54 112.03625
6 55 139.13266
6 56 153.52530
6 57 84.39503
6 58 114.04682
6 59 136.46634
6 60 102.67092
6 61 143.89523
6 62 128.95486
6 63 133.95241
6 64 128.90782
6 65 115.05631
6 66 152.93845
6 67 99.78534
6 68 114.04194
6 69 98.38271
6 70 133.82654
6 71 112.67121
6 72 100.74328
6 73 123.01556
6 74 118.68409
6 75 95.37759
6 76 125.01810
6 77 118.04227
6 78 110.10287
6 79 118.60605
6 80 123.63812
6 81 125.31792
6 82 118.09077
6 83 155.23010
6 84 143.37511
6 85 146.75969
6 86 97.49037
6 87 119.10713
6 88 79.58549
6 89 121.29942
6 90 123.70975
6 91 137.41942
6 92 157.02986
6 93 175.60210
6 94 141.89372
6 95 109.00391
6 96 143.13776
6 97 140.64058
6 98 113.54778
6 99 119.13152
7 8 143.40211
7 9 160.00104
7 10 149.81052
7 11 135.38031
7 12 118.20791
7 13 138.94426
7 14 148.16132
7 15 163.43837
7 16 161.43788
7 17 104.92308
7 18 141.00639
7 19 183.85640
7 20 176.95869
7 21 97.21666
7 22 152.71962
7 23 117.06392
7 24 118.14459
7 25 144.09575
7 26 145.59010
7 27 123.72473
7 28 172.33369
7 29 135.91293
7 30 107.43983
7 31 169.11998
7 32 151.80751
7 33 155.06815
7 34 182.66675
7 35 155.96558
7 36 176.75035
7 37 133.95180
7 38 171.20648
7 39 158.67976
7 40 166.99651
7 41 207.38889
7 42 143.93510
7 43 142.81322
7 44 140.82384
7 45 122.84135
7 46 153.01906
7 47 142.75076
7 48 162.22340
7 49 143.57750
7 50 136.71860
7 51 165.06288
7 52 134.32596
7 53 211.66940
7 54 138.39487
7 55 128.73618
7 56 158.01331
7 57 177.10536
7 58 149.23230
7 59 182.58807
7 60 182.91988
7 61 190.15704
7 62 160.95461
7 63 117.92384
7 64 134.56009
7 65 141.60266
7 66 144.07983
7 67 173.64566
7 68 134.55753
7 69 132.67067
7 70 137.29192
7 71 170.60083
7 72 131.89253
7 73 145.98727
7 74 170.33087
7 75 159.86185
7 76 179.51454
7 77 141.79903
7 78 170.02066
7 79 154.76801
7 80 175.19376
7 81 127.56520
7 82 165.29303
7 83 167.85501
7 84 170.22766
7 85 140.31100
7 86 130.42474
7 87 113.65343
7 88 154.98311
7 89 85.06756
7 90 139.59854
7 91 132.52312
7 92 177.21404
7 93 145.34720
7 94 83.09259
7 95 114.41640
7 96 179.37743
7 97 194.74454
7 98 119.85923
7 99 173.01353
8 9 137.42497
8 10 134.37411
8 11 150.81606
8 12 157.82549
8 13 102.54507
8 14 179.72263
8 15 149.99393
8 16 169.84488
8 17 138.29031
8 18 163.73836
8 19 147.19452
8 20 167.83188
8 21 148.46202
8 22 141.82048
8 23 148.32799
8 24 126.09527
8 25 153.41776
8 26 120.06033
8 27 141.45430
8 28 130.53358
8 29 108.73225
8 30 103.18185
8 31 135.90933
8 32 111.40282
8 33 144.94269
8 34 172.55777
8 35 92.27182
8 36 142.26019
8 37 164.41292
8 38 140.97188
8 39 156.90187
8 40 167.08977
8 41 170.75943
8 42 129.39441
8 43 103.05785
8 44 165.73404
8 45 180.03697
8 46 144.47327
8 47 135.77527
8 48 157.82396
8 49 99.37253
8 50 128.82585
8 51 102.63188
8 52 129.39027
8 53 170.73714
8 54 166.09993
8 55 126.50421
8 56 161.38693
8 57 143.49936
8 58 129.80226
8 59 154.30421
8 60 152.72852
8 61 180.57173
8 62 154.32756
8 63 160.76381
8 64 162.06593
8 65 152.88371
8 66 155.68672
8 67 144.21167
8 68 121.91234
8 69 150.04420
8 70 123.05411
8 71 121.14548
8 72 137.81421
8 73 117.24878
8 74 159.72499
8 75 129.54568
8 76 149.19748
8 77 146.14557
8 78 171.05637
8 79 117.86224
8 80 175.77878
8 81 134.94543
8 82 186.62010
8 83 162.36723
8 84 127.59793
8 85 144.39862
8 86 116.63287
8 87 118.94738
8 88 139.92723
8 89 127.32814
8 90 145.61540
8 91 172.61877
8 92 205.45308
8 93 169.13708
8 94 130.77359
8 95 151.88579
8 96 168.95770
8 97 179.01074
8 98 128.22803
8 99 137.43666
9 10 99.15198
9 11 96.80887
9 12 135.86269
9 13 126.01330
9 14 174.87779
9 15 146.94450
9 16 175.25284
9 17 129.00562
9 18 204.47284
9 19 133.29979
9 20 146.28398
9 21 166.28131
9 22 169.38174
9 23 127.00614
9 24 113.00556
9 25 140.26259
9 26 121.66405
9 27 194.26096
9 28 137.22873
9 29 129.11635
9 30 144.72115
9 31 131.04822
9 32 134.51761
9 33 124.82268
9 34 128.79834
9 35 120.45629
9 36 145.83612
9 37 160.21335
9 38 152.78883
9 39 156.11885
9 40 142.84882
9 41 167.81461
9 42 98.06238
9 43 127.35468
9 44 172.88971
9 45 167.88339
9 46 144.08401
9 47 155.11693
9 48 125.44971
9 49 119.74393
9 50 161.58479
9 51 146.33704
9 52 105.08672
9 53 161.95155
9 54 142.82393
9 55 145.14676
9 56 139.46223
9 57 128.13062
9 58 154.23883
9 59 190.08548
9 60 89.94434
9 61 170.40256
9 62 172.80421
9 63 150.64873
9 64 151.80888
9 65 87.57341
9 66 137.54324
9 67 153.60143
9 68 119.30193
9 69 127.44944
9 70 157.16936
9 71 104.58157
9 72 121.52331
9 73 178.96985
9 74 156.72849
9 75 105.58819
9 76 141.79758
9 77 158.04645
9 78 116.89080
9 79 150.52008
9 80 132.93735
9 81 125.75904
9 82 141.47031
9 83 168.60126
9 84 160.13445
9 85 112.47173
9 86 128.16519
9 87 154.04869
9 88 123.90308
9 89 136.89247
9 90 135.59740
9 91 150.68010
9 92 164.88644
9 93 178.20583
9 94 149.54977
9 95 137.62546
9 96 140.07762
9 97 169.01471
9 98 145.85162
9 99 157.65591
10 11 98.09403
10 12 169.58852
10 13 84.13013
10 14 127.28481
10 15 148.47186
10 16 141.51772
10 17 125.26519
10 18 177.21082
10 19 100.22263
10 20 150.99306
10 21 143.72455
10 22 173.05902
10 23 111.75229
10 24 96.34354
10 25 110.33894
10 26 115.16428
10 27 143.72046
10 28 141.50572
10 29 120.57993
10 30 112.74205
10 31 116.77502
10 32 125.65575
10 33 133.92354
10 34 135.21638
10 35 81.77032
10 36 144.35774
10 37 152.69432
10 38 127.20456
10 39 155.62738
10 40 138.99438
10 41 125.80643
10 42 128.74178
10 43 128.76007
10 44 130.30734
10 45 122.57045
10 46 126.73840
10 47 137.98001
10 48 126.45380
10 49 101.41444
10 50 137.48982
10 51 118.93746
10 52 95.92792
10 53 130.48215
10 54 98.26453
10 55 156.44980
10 56 147.63092
10 57 89.09220
10 58 125.41766
10 59 153.72954
10 60 97.16154
10 61 116.22831
10 62 130.36023
10 63 154.40863
10 64 134.72299
10 65 117.98864
10 66 170.34007
10 67 94.51432
10 68 131.65967
10 69 120.79095
10 70 154.90051
10 71 121.44795
10 72 136.71817
10 73 136.85437
10 74 130.67464
10 75 102.11050
10 76 153.66705
10 77 109.87482
10 78 116.80391
10 79 106.76878
10 80 104.49087
10 81 130.25987
10 82 125.14843
10 83 121.64680
10 84 155.31221
10 85 136.06371
10 86 104.90525
10 87 158.64659
10 88 93.68365
10 89 136.34001
10 90 118.84254
10 91 167.79788
10 92 153.30803
10 93 156.80051
10 94 159.92999
10 95 137.07463
10 96 109.91070
10 97 147.14162
10 98 116.57213
10 99 140.48579
11 12 138.37791
11 13 139.07291
11 14 127.39175
11 15 133.25278
11 16 141.46178
11 17 84.98985
11 18 178.55258
11 19 139.01874
11 20 114.13649
11 21 129.75305
11 22 134.04927
11 23 120.75617
11 24 111.27333
11 25 128.46394
11 26 144.77803
11 27 160.14851
11 28 153.70299
11 29 129.16621
11 30 126.93484
11 31 117.75525
11 32 121.68359
11 33 116.26775
11 34 125.68502
11 35 116.72791
11 36 158.99672
11 37 159.05586
11 38 155.79199
11 39 155.44373
11 40 101.90744
11 41 159.36800
11 42 122.40570
11 43 144.31769
11 44 124.21572
11 45 124.08555
11 46 124.24934
11 47 131.75545
11 48 121.59877
11 49 109.09167
11 50 104.22530
11 51 131.78683
11 52 130.83821
11 53 167.58018
11 54 119.17163
11 55 145.19339
11 56 138.46706
11 57 120.74500
11 58 144.17610
11 59 190.60461
11 60 115.70400
11 61 140.73347
11 62 159.29799
11 63 135.60547
11 64 131.25482
11 65 105.25501
11 66 151.30760
11 67 139.07013
11 68 97.49315
11 69 117.09072
11 70 119.93858
11 71 114.15649
11 72 129.46713
11 73 149.22430
11 74 150.83209
11 75 100.70934
11 76 164.33058
11 77 128.85294
11 78 83.74846
11 79 121.20467
11 80 128.23410
11 81 117.69421
11 82 140.58755
11 83 162.43755
11 84 187.10695
11 85 102.97579
11 86 117.38035
11 87 164.79504
11 88 149.30200
11 89 122.63190
11 90 115.33807
11 91 163.87573
11 92 146.00702
11 93 148.24309
11 94 135.94279
11 95 108.73225
11 96 112.17290
11 97 164.31221
11 98 140.29207
11 99 172.79715
12 13 172.39963
12 14 157.12292
12 15 157.22884
12 16 182.42586
12 17 128.36798
12 18 172.03734
12 19 162.49876
12 20 178.31143
12 21 128.31007
12 22 163.43073
12 23 137.51294
12 24 150.10760
12 25 193.99451
12 26 147.62926
12 27 179.64252
12 28 158.61009
12 29 148.14745
12 30 134.33488
12 31 143.46080
12 32 154.57584
12 33 126.01271
12 34 193.11430
12 35 165.26219
12 36 150.17513
12 37 138.66261
12 38 181.70370
12 39 154.84781
12 40 128.23045
12 41 187.88567
12 42 144.55049
12 43 161.98288
12 44 155.56561
12 45 178.60698
12 46 166.84377
12 47 146.50229
12 48 139.34702
12 49 156.52510
12 50 144.95287
12 51 170.48557
12 52 115.62877
12 53 213.68671
12 54 180.30936
12 55 142.23073
12 56 135.38736
12 57 177.86084
12 58 168.63423
12 59 197.29898
12 60 154.58698
12 61 225.47264
12 62 199.07425
12 63 96.48847
12 64 156.14629
12 65 107.29704
12 66 76.59703
12 67 184.18567
12 68 103.61932
12 69 143.83017
12 70 158.59442
12 71 169.81210
12 72 121.10159
12 73 180.84686
12 74 147.19872
12 75 156.73531
12 76 151.38034
12 77 193.43762
12 78 157.35387
12 79 198.73079
12 80 170.21588
12 81 130.44745
12 82 135.44582
12 83 205.14824
12 84 172.05701
12 85 153.54468
12 86 158.04251
12 87 143.10220
12 88 136.30716
12 89 133.36867
12 90 119.42235
12 91 111.77702
12 92 187.76140
12 93 150.56685
12 94 131.84023
12 95 132.61929
12 96 174.84433
12 97 161.08258
12 98 163.32364
12 99 163.75058
13 14 149.88531
13 15 178.95999
13 16 144.89429
13 17 153.27324
13 18 169.08453
13 19 139.18341
13 20 183.42244
13 21 150.68015
13 22 178.46306
13 23 116.26569
13 24 93.35550
13 25 143.50165
13 26 119.02853
13 27 151.55249
13 28 132.82878
13 29 111.84513
13 30 81.24684
13 31 136.24532
13 32 125.19394
13 33 165.82140
13 34 173.90611
13 35 102.16301
13 36 145.57253
13 37 146.44753
13 38 153.11867
13 39 117.79115
13 40 160.73712
13 41 148.91386
13 42 139.28986
13 43 103.21687
13 44 143.18306
13 45 147.58482
13 46 97.74298
13 47 139.67975
13 48 142.03531
13 49 98.38915
13 50 152.66643
13 51 126.75673
13 52 101.25440
13 53 154.71805
13 54 123.09610
13 55 134.33089
13 56 130.73071
13 57 123.84993
13 58 124.73179
13 59 150.94464
13 60 123.71803
13 61 144.72469
13 62 131.54065
13 63 165.74486
13 64 155.60332
13 65 136.22333
13 66 156.42148
13 67 101.06068
13 68 145.74342
13 69 155.57002
13 70 155.62672
13 71 143.28030
13 72 154.66939
13 73 145.09746
13 74 145.72469
13 75 123.09435
13 76 166.18315
13 77 132.60893
13 78 161.33998
13 79 102.88685
13 80 135.52937
13 81 130.25316
13 82 152.48233
13 83 88.88084
13 84 137.45496
13 85 125.59668
13 86 115.78480
13 87 149.93527
13 88 114.36314
13 89 143.32390
13 90 116.09431
13 91 179.64830
13 92 179.03223
13 93 133.01537
13 94 145.81549
13 95 153.94336
13 96 122.95304
13 97 152.01410
13 98 115.92258
13 99 136.90123
14 15 138.46439
14 16 146.94456
14 17 129.32451
14 18 143.10352
14 19 120.89107
14 20 176.00212
14 21 95.84304
14 22 149.48184
14 23 104.32087
14 24 125.36018
14 25 159.05760
14 26 141.98969
14 27 125.99088
14 28 190.46997
14 29 134.38188
14 30 133.39172
14 31 140.34772
14 32 140.38623
14 33 130.32143
14 34 181.85236
14 35 129.94052
14 36 156.84329
14 37 173.42996
14 38 156.04787
14 39 130.68729
14 40 112.32566
14 41 137.35568
14 42 185.19354
14 43 148.90146
14 44 131.65717
14 45 125.00611
14 46 127.97209
14 47 112.11023
14 48 139.32431
14 49 149.64549
14 50 121.95972
14 51 146.06635
14 52 148.96490
14 53 162.81122
14 54 124.41255
14 55 175.44954
14 56 149.41916
14 57 125.62135
14 58 142.44548
14 59 139.42444
14 60 160.01549
14 61 173.18471
14 62 133.71976
14 63 144.24278
14 64 159.49498
14 65 144.56544
14 66 154.77466
14 67 101.01104
14 68 140.37701
14 69 153.76584
14 70 146.19496
14 71 189.35449
14 72 153.16719
14 73 149.21552
14 74 109.56143
14 75 131.77390
14 76 180.97345
14 77 148.97253
14 78 117.76940
14 79 147.10605
14 80 132.88004
14 81 145.81517
14 82 105.50909
14 83 168.17854
14 84 201.16861
14 85 178.24287
14 86 150.21931
14 87 172.62465
14 88 131.73940
14 89 168.70863
14 90 105.56713
14 91 167.61653
14 92 152.85101
14 93 151.01375
14 94 162.23888
14 95 111.57719
14 96 139.69388
14 97 113.12756
14 98 150.71913
14 99 142.88780
15 16 172.45462
15 17 100.45663
15 18 149.13797
15 19 111.34193
15 20 141.65739
15 21 108.66451
15 22 94.97517
15 23 125.67017
15 24 136.62074
15 25 124.36279
15 26 116.69422
15 27 128.53864
15 28 175.58673
15 29 139.61693
15 30 165.83400
15 31 153.19420
15 32 112.24108
15 33 80.21717
15 34 105.32928
15 35 110.65834
15 36 141.19777
15 37 178.01395
15 38 87.15825
15 39 181.78436
15 40 144.06728
15 41 153.28815
15 42 125.23489
15 43 136.03561
15 44 179.42671
15 45 146.52972
15 46 172.14198
15 47 136.03525
15 48 146.97144
15 49 150.94060
15 50 143.34680
15 51 127.77631
15 52 161.91983
15 53 134.16570
15 54 134.92650
15 55 166.81184
15 56 172.72101
15 57 110.60577
15 58 141.46277
15 59 141.98143
15 60 159.85986
15 61 183.26120
15 62 138.88361
15 63 125.26629
15 64 134.25096
15 65 147.13055
15 66 164.50664
15 67 166.82722
15 68 114.71706
15 69 129.59979
15 70 123.58863
15 71 125.94148
15 72 105.83942
15 73 128.78848
15 74 128.91228
15 75 113.73838
15 76 130.49971
15 77 146.45789
15 78 111.05160
15 79 142.65529
15 80 147.01880
15 81 128.39540
15 82 145.20522
15 83 209.83937
15 84 164.69727
15 85 167.82295
15 86 149.24301
15 87 122.37932
15 88 152.47588
15 89 128.20236
15 90 169.62994
15 91 150.25763
15 92 135.85518
15 93 206.50504
15 94 125.94933
15 95 84.97012
15 96 180.79080
15 97 154.20807
15 98 150.09068
15 99 116.15960
16 17 169.62743
16 18 134.29128
16 19 173.90686
16 20 124.49731
16 21 163.33185
16 22 146.79326
16 23 127.73522
16 24 120.86681
16 25 165.50267
16 26 155.95531
16 27 140.12866
16 28 102.11510
16 29 125.44734
16 30 134.18304
16 31 150.38524
16 32 104.88554
16 33 188.89726
16 34 184.96242
16 35 152.49492
16 36 105.95515
16 37 166.88553
16 38 142.64067
16 39 162.80202
16 40 139.92007
16 41 156.86015
16 42 143.51022
16 43 169.12592
16 44 96.43982
16 45 112.84962
16 46 141.37247
16 47 139.21550
16 48 136.60803
16 49 119.72694
16 50 158.22488
16 51 143.77846
16 52 162.64452
16 53 134.21381
16 54 153.90649
16 55 132.93521
16 56 151.82794
16 57 119.87106
16 58 83.17384
16 59 163.40250
16 60 151.69853
16 61 95.91959
16 62 144.35971
16 63 149.82681
16 64 118.14249
16 65 140.94737
16 66 178.21021
16 67 154.03557
16 68 135.62422
16 69 136.27911
16 70 126.06461
16 71 134.09592
16 72 169.58907
16 73 164.40582
16 74 145.39325
16 75 113.37746
16 76 189.73772
16 77 160.54372
16 78 128.86667
16 79 140.67500
16 80 119.71419
16 81 156.42067
16 82 162.88905
16 83 102.27792
16 84 202.64684
16 85 130.45879
16 86 117.74742
16 87 167.30850
16 88 155.06508
16 89 155.24283
16 90 130.40536
16 91 157.13995
16 92 134.70090
16 93 118.04091
16 94 151.02956
16 95 142.94398
16 96 132.37689
16 97 159.83939
16 98 150.31149
16 99 164.00542
17 18 150.60237
17 19 140.76462
17 20 150.67842
17 21 95.72707
17 22 107.78191
17 23 125.98096
17 24 130.22444
17 25 111.23799
17 26 141.09814
17 27 134.01962
17 28 176.93834
17 29 143.43637
17 30 125.82919
17 31 151.85716
17 32 138.30905
17 33 78.12281
17 34 125.76849
17 35 114.23656
17 36 168.66968
17 37 135.06241
17 38 142.20720
17 39 174.42978
17 40 130.23933
17 41 165.99876
17 42 115.06365
17 43 134.51953
17 44 141.97606
17 45 116.08976
17 46 146.12512
17 47 132.47133
17 48 161.37289
17 49 121.45169
17 50 107.18658
17 51 127.41956
17 52 139.89182
17 53 183.19374
17 54 106.85244
17 55 138.57323
17 56 156.35284
17 57 134.04048
17 58 145.27721
17 59 184.80495
17 60 144.19704
17 61 171.60399
17 62 153.26004
17 63 108.67478
17 64 114.00547
17 65 139.23726
17 66 153.43651
17 67 150.88632
17 68 99.87133
17 69 108.06979
17 70 122.89657
17 71 130.09834
17 72 87.58230
17 73 115.13222
17 74 161.71213
17 75 136.17537
17 76 134.97340
17 77 115.91798
17 78 124.72639
17 79 133.79039
17 80 161.60861
17 81 105.81728
17 82 141.61760
17 83 188.97366
17 84 162.89542
17 85 138.96819
17 86 121.13442
17 87 121.45815
17 88 153.03517
17 89 96.09470
17 90 143.13901
17 91 154.06519
17 92 149.85316
17 93 170.56850
17 94 106.51453
17 95 83.19146
17 96 164.51175
17 97 179.11296
17 98 128.83728
17 99 157.27637
18 19 181.97380
18 20 187.73126
18 21 136.28374
18 22 123.22985
18 23 137.04980
18 24 132.29811
18 25 185.69836
18 26 177.89415
18 27 117.86038
18 28 159.55179
18 29 132.86436
18 30 156.12820
18 31 206.18246
18 32 129.57982
18 33 170.79546
18 34 198.56567
18 35 156.67332
18 36 125.81811
18 37 173.68747
18 38 147.01276
18 39 173.53055
18 40 149.56708
18 41 188.86433
18 42 156.62703
18 43 137.70279
18 44 157.91965
18 45 138.12238
18 46 179.34138
18 47 165.91319
18 48 190.28038
18 49 132.63696
18 50 157.90244
18 51 135.04964
18 52 174.72218
18 53 169.72676
18 54 167.42311
18 55 144.35100
18 56 162.38826
18 57 143.23344
18 58 96.30370
18 59 174.47858
18 60 197.70299
18 61 164.25874
18 62 120.14072
18 63 126.75771
18 64 114.45244
18 65 175.31619
18 66 180.28871
18 67 160.41525
18 68 168.04926
18 69 161.28169
18 70 121.36245
18 71 181.65157
18 72 151.18700
18 73 149.30388
18 74 160.19853
18 75 169.02245
18 76 189.82314
18 77 192.40030
18 78 174.79955
18 79 167.64557
18 80 168.54131
18 81 169.07423
18 82 156.69041
18 83 162.34834
18 84 190.43547
18 85 175.48576
18 86 129.53957
18 87 139.86258
18 88 163.49551
18 89 150.68483
18 90 176.11261
18 91 135.59142
18 92 157.16559
18 93 164.97583
18 94 141.64883
18 95 106.35296
18 96 195.21361
18 97 165.83702
18 98 122.82375
18 99 159.83296
19 20 173.63132
19 21 130.84647
19 22 172.18604
19 23 132.49643
19 24 137.40900
19 25 149.75421
19 26 105.61324
19 27 146.35349
19 28 165.92502
19 29 145.29610
19 30 138.73030
19 31 105.24406
19 32 123.80360
19 33 104.03116
19 34 134.52881
19 35 85.25332
19 36 138.34157
19 37 169.69432
19 38 102.27589
19 39 166.48497
19 40 134.88943
19 41 88.35128
19 42 153.13274
19 43 148.09494
19 44 161.20515
19 45 165.39314
19 46 154.65913
19 47 144.17566
19 48 117.32500
19 49 146.30054
19 50 144.36642
19 51 126.30640
19 52 107.63734
19 53 120.37415
19 54 131.15150
19 55 188.69397
19 56 155.66467
19 57 86.36816
19 58 153.27339
19 59 129.84898
19 60 120.73859
19 61 173.39719
19 62 147.24875
19 63 141.56163
19 64 158.18520
19 65 138.41370
19 66 160.22321
19 67 122.69730
19 68 124.93021
19 69 151.46767
19 70 172.84840
19 71 143.93661
19 72 140.54526
19 73 138.15686
19 74 78.55602
19 75 113.43526
19 76 133.57655
19 77 148.07497
19 78 128.77457
19 79 135.28560
19 80 112.92468
19 81 136.81758
19 82 115.69782
19 83 180.30261
19 84 140.83597
19 85 177.53241
19 86 158.93050
19 87 165.45625
19 88 94.84438
19 89 156.33759
19 90 136.64571
19 91 174.93451
19 92 163.77463
19 93 184.51445
19 94 175.11195
19 95 142.75461
19 96 132.27568
19 97 99.35476
19 98 154.14992
19 99 97.04533
20 21 164.92314
20 22 133.39798
20 23 137.72572
20 24 138.36168
20 25 143.39345
20 26 150.11485
20 27 153.85980
20 28 130.85408
20 29 133.35214
20 30 172.26178
20 31 132.67537
20 32 108.61494
20 33 164.97165
20 34 146.16162
20 35 141.34912
20 36 148.13376
20 37 206.58545
20 38 137.19667
20 39 196.41479
20 40 146.08385
20 41 196.74379
20 42 144.02650
20 43 182.24196
20 44 145.52979
20 45 145.21049
20 46 181.59009
20 47 138.08311
20 48 131.15729
20 49 149.21306
20 50 153.65250
20 51 139.15608
20 52 178.52342
20 53 141.70944
20 54 175.04291
20 55 172.53604
20 56 183.44664
20 57 148.18774
20 58 136.69371
20 59 172.32164
20 60 169.69797
20 61 150.58595
20 62 162.51665
20 63 174.08951
20 64 151.43272
20 65 118.57819
20 66 180.82820
20 67 188.69337
20 68 119.57581
20 69 130.46767
20 70 105.76094
20 71 103.97759
20 72 159.75818
20 73 159.54131
20 74 168.77980
20 75 97.01257
20 76 189.19095
20 77 152.81764
20 78 89.97420
20 79 155.32237
20 80 135.85495
20 81 153.11441
20 82 185.63780
20 83 186.45427
20 84 214.84682
20 85 144.78081
20 86 124.33939
20 87 174.54840
20 88 173.68294
20 89 150.26093
20 90 157.77115
20 91 159.10092
20 92 149.66196
20 93 181.74448
20 94 151.64421
20 95 145.03043
20 96 159.95354
20 97 201.98100
20 98 156.34601
20 99 178.29581
21 22 128.90033
21 23 95.70852
21 24 121.73943
21 25 136.67152
21 26 121.63484
21 27 93.08342
21 28 184.48784
21 29 138.48232
21 30 113.53516
21 31 137.59126
21 32 123.43715
21 33 113.86363
21 34 147.42906
21 35 122.61530
21 36 168.45773
21 37 151.28625
21 38 131.34395
21 39 142.05075
21 40 135.83022
21 41 166.26985
21 42 159.39149
21 43 141.70537
21 44 141.80994
21 45 121.60592
21 46 140.79561
21 47 119.53912
21 48 133.14029
21 49 159.22021
21 50 121.41650
21 51 140.15730
21 52 134.74161
21 53 170.67641
21 54 116.74989
21 55 167.53883
21 56 143.52518
21 57 146.49629
21 58 153.91739
21 59 134.72479
21 60 180.06631
21 61 195.49673
21 62 128.05215
21 63 109.73158
21 64 142.44794
21 65 137.69801
21 66 133.21562
21 67 154.35262
21 68 115.91911
21 69 150.79277
21 70 130.21458
21 71 169.04187
21 72 129.34473
21 73 113.64616
21 74 117.33739
21 75 136.03435
21 76 161.66829
21 77 129.10367
21 78 139.49867
21 79 132.69878
21 80 142.75246
21 81 104.78344
21 82 134.43718
21 83 183.93433
21 84 154.73918
21 85 158.59134
21 86 152.18689
21 87 131.84779
21 88 144.99435
21 89 107.47892
21 90 131.74863
21 91 151.76779
21 92 148.25902
21 93 153.11937
21 94 95.86989
21 95 93.45306
21 96 156.06474
21 97 144.52596
21 98 124.32357
21 99 121.77961
22 23 133.77718
22 24 139.54182
22 25 144.27255
22 26 150.12604
22 27 138.59285
22 28 162.13881
22 29 127.25453
22 30 158.23860
22 31 175.74686
22 32 113.12841
22 33 120.44612
22 34 156.31154
22 35 134.26558
22 36 138.62086
22 37 177.34071
22 38 138.53053
22 39 167.34294
22 40 139.67445
22 41 182.44943
22 42 128.65871
22 43 128.52176
22 44 163.99591
22 45 140.16878
22 46 152.77205
22 47 118.96677
22 48 175.33481
22 49 127.31509
22 50 135.00098
22 51 122.00911
22 52 191.39313
22 53 163.99542
22 54 154.63145
22 55 126.33916
22 56 168.22701
22 57 138.85490
22 58 116.12823
22 59 166.56792
22 60 173.44881
22 61 176.11719
22 62 144.12439
22 63 142.50307
22 64 133.73027
22 65 158.97879
22 66 163.85550
22 67 165.88670
22 68 115.98774
22 69 132.93497
22 70 74.61502
22 71 130.91983
22 72 115.04063
22 73 133.73146
22 74 171.99704
22 75 126.32735
22 76 153.66008
22 77 155.14355
22 78 121.90277
22 79 146.74622
22 80 176.21986
22 81 135.14229
22 82 171.19395
22 83 193.86943
22 84 194.39969
22 85 151.26256
22 86 126.12820
22 87 121.10632
22 88 184.28934
22 89 143.50790
22 90 161.21033
22 91 158.24477
22 92 146.06715
22 93 182.37311
22 94 112.22155
22 95 86.45880
22 96 190.85521
22 97 183.92128
22 98 152.51396
22 99 153.40181
23 24 75.16000
23 25 117.72477
23 26 94.91467
23 27 121.17882
23 28 140.23795
23 29 100.80463
23 30 119.53720
23 31 136.78976
23 32 106.45952
23 33 130.77840
23 34 143.96880
23 35 113.75345
23 36 128.17545
23 37 149.07445
23 38 121.57224
23 39 104.05270
23 40 128.94255
23 41 162.27859
23 42 133.19490
23 43 113.12447
23 44 137.16588
23 45 101.18739
23 46 116.22630
23 47 101.54192
23 48 116.33137
23 49 135.79472
23 50 157.33569
23 51 129.34413
23 52 120.65396
23 53 125.29158
23 54 105.00488
23 55 144.98022
23 56 116.67443
23 57 123.12138
23 58 113.03065
23 59 114.12435
23 60 144.24730
23 61 162.77324
23 62 92.07381
23 63 132.33629
23 64 132.01987
23 65 83.64673
23 66 115.54288
23 67 125.01678
23 68 123.95347
23 69 131.63667
23 70 122.96111
23 71 145.16730
23 72 117.83797
23 73 141.61168
23 74 119.41550
23 75 97.98824
23 76 153.38045
23 77 128.38626
23 78 101.69868
23 79 135.98904
23 80 96.94640
23 81 100.53858
23 82 101.48620
23 83 134.90038
23 84 161.53659
23 85 133.48807
23 86 112.82228
23 87 129.65756
23 88 110.30702
23 89 131.87627
23 90 108.20950
23 91 121.32131
23 92 108.01862
23 93 138.74783
23 94 106.01963
23 95 92.55782
23 96 138.58083
23 97 137.97333
23 98 99.19146
23 99 107.62851
24 25 130.81702
24 26 108.81701
24 27 124.57204
24 28 132.07906
24 29 62.62835
24 30 122.50659
24 31 140.93703
24 32 87.83851
24 33 152.56850
24 34 144.83757
24 35 112.88873
24 36 120.68333
24 37 173.04657
24 38 127.70314
24 39 112.81938
24 40 136.76814
24 41 172.35033
24 42 122.72711
24 43 81.93639
24 44 151.99292
24 45 127.16269
24 46 122.78669
24 47 130.31822
24 48 107.85056
24 49 102.15222
24 50 134.11145
24 51 130.78711
24 52 118.30484
24 53 136.29315
24 54 127.16965
24 55 126.64268
24 56 132.51181
24 57 107.78699
24 58 103.43533
24 59 138.93295
24 60 141.64771
24 61 132.48950
24 62 106.98277
24 63 141.36298
24 64 134.35503
24 65 103.09663
24 66 148.24666
24 67 123.16267
24 68 138.61510
24 69 130.17331
24 70 103.44674
24 71 133.01959
24 72 143.43385
24 73 156.63792
24 74 121.43221
24 75 84.51032
24 76 181.21638
24 77 147.73679
24 78 112.38549
24 79 105.60030
24 80 112.33073
24 81 136.36993
24 82 140.07054
24 83 119.52216
24 84 171.23473
24 85 105.51200
24 86 103.55344
24 87 130.01450
24 88 120.05133
24 89 115.62738
24 90 125.38148
24 91 124.72734
24 92 145.87296
24 93 151.16078
24 94 115.32087
24 95 92.06567
24 96 130.55600
24 97 139.96170
24 98 101.31536
24 99 140.96623
25 26 111.04806
25 27 130.80264
25 28 177.71066
25 29 149.05135
25 30 149.18805
25 31 163.27499
25 32 150.28004
25 33 132.03282
25 34 121.91966
25 35 114.92402
25 36 178.28017
25 37 162.09428
25 38 118.28808
25 39 192.68846
25 40 190.57753
25 41 174.70445
25 42 127.97561
25 43 148.77736
25 44 162.92104
25 45 99.85239
25 46 158.09418
25 47 129.97836
25 48 171.58014
25 49 148.52336
25 50 171.13582
25 51 146.27406
25 52 164.30577
25 53 148.50819
25 54 90.71232
25 55 161.60580
25 56 194.61275
25 57 135.13255
25 58 141.98010
25 59 147.35828
25 60 154.20773
25 61 154.45837
25 62 138.58403
25 63 171.24182
25 64 139.80377
25 65 153.92342
25 66 195.02666
25 67 156.30241
25 68 140.01962
25 69 106.27245
25 70 151.69682
25 71 122.16236
25 72 116.43650
25 73 125.51154
25 74 178.45682
25 75 123.17325
25 76 145.49651
25 77 62.15493
25 78 127.30779
25 79 129.39522
25 80 154.08018
25 81 126.62139
25 82 167.39873
25 83 173.42775
25 84 173.40135
25 85 164.08946
25 86 121.43329
25 87 123.30972
25 88 153.00175
25 89 127.66662
25 90 165.32709
25 91 176.56310
25 92 141.08192
25 93 201.38400
25 94 127.38889
25 95 129.27931
25 96 182.91835
25 97 208.46780
25 98 135.80185
25 99 147.49501
26 27 130.04424
26 28 144.70345
26 29 106.87715
26 30 124.64642
26 31 111.87783
26 32 115.42165
26 33 124.06083
26 34 148.57680
26 35 105.34225
26 36 127.49849
26 37 159.49260
26 38 102.69102
26 39 139.33603
26 40 170.66382
26 41 144.62242
26 42 131.53716
26 43 120.71073
26 44 164.34338
26 45 149.03125
26 46 136.73384
26 47 95.82462
26 48 110.95546
26 49 144.98985
26 50 159.22028
26 51 144.38950
26 52 122.84132
26 53 131.79782
26 54 132.10123
26 55 142.89276
26 56 163.93312
26 57 122.85854
26 58 132.23964
26 59 84.39787
26 60 134.13898
26 61 182.04359
26 62 145.59172
26 63 151.04860
26 64 162.39195
26 65 118.46236
26 66 136.14380
26 67 141.20808
26 68 112.72100
26 69 118.95612
26 70 146.05966
26 71 127.32770
26 72 120.31155
26 73 144.31377
26 74 110.61253
26 75 83.88492
26 76 128.24358
26 77 121.49645
26 78 122.44758
26 79 135.42984
26 80 133.43919
26 81 121.63834
26 82 144.26447
26 83 166.67523
26 84 146.28214
26 85 157.54836
26 86 136.75455
26 87 103.01042
26 88 102.44005
26 89 132.59645
26 90 120.34628
26 91 141.06815
26 92 161.50938
26 93 179.33051
26 94 122.28497
26 95 130.65399
26 96 162.63431
26 97 146.50227
26 98 147.12842
26 99 90.14185
27 28 170.71840
27 29 126.55454
27 30 131.83803
27 31 154.12080
27 32 117.95467
27 33 158.24007
27 34 169.48790
27 35 119.13450
27 36 157.64322
27 37 182.19034
27 38 107.95638
27 39 183.39561
27 40 170.01740
27 41 176.86443
27 42 170.43863
27 43 152.99242
27 44 141.28419
27 45 119.14153
27 46 176.35168
27 47 130.96495
27 48 155.58578
27 49 151.54752
27 50 130.64821
27 51 128.37802
27 52 159.48685
27 53 151.39832
27 54 142.71861
27 55 172.80132
27 56 188.95750
27 57 141.45776
27 58 123.41816
27 59 113.99981
27 60 200.63673
27 61 162.93689
27 62 113.32074
27 63 148.08527
27 64 140.99950
27 65 167.34283
27 66 189.20117
27 67 155.10504
27 68 146.99207
27 69 143.22394
27 70 120.74366
27 71 164.69603
27 72 155.75304
27 73 96.85805
27 74 133.85080
27 75 139.08188
27 76 186.33405
27 77 125.29465
27 78 155.94077
27 79 127.10284
27 80 152.54337
27 81 152.24237
27 82 171.61169
27 83 171.55052
27 84 174.03880
27 85 184.01538
27 86 130.66290
27 87 130.56442
27 88 145.91272
27 89 120.18311
27 90 160.76871
27 91 155.61923
27 92 167.47295
27 93 175.96706
27 94 127.72664
27 95 124.24035
27 96 178.88667
27 97 173.96312
27 98 115.47617
27 99 136.99580
28 29 125.69329
28 30 130.43285
28 31 139.75645
28 32 102.59246
28 33 177.12953
28 34 179.35658
28 35 135.17917
28 36 82.77807
28 37 152.49646
28 38 137.42787
28 39 168.91504
28 40 143.56734
28 41 161.25044
28 42 110.78933
28 43 158.13728
28 44 126.99107
28 45 159.59903
28 46 158.37624
28 47 154.64572
28 48 139.35219
28 49 108.14336
28 50 176.38036
28 51 120.45764
28 52 127.71685
28 53 132.00478
28 54 176.36150
28 55 128.88951
28 56 134.61215
28 57 130.69916
28 58 94.70499
28 59 174.20822
28 60 127.91447
28 61 138.24759
28 62 156.94299
28 63 147.02647
28 64 124.44747
28 65 113.70402
28 66 147.87561
28 67 165.79588
28 68 121.75143
28 69 141.68761
28 70 141.36310
28 71 100.76469
28 72 148.20784
28 73 162.13387
28 74 155.13040
28 75 121.07573
28 76 154.30194
28 77 176.97658
28 78 149.97786
28 79 160.92480
28 80 124.81306
28 81 141.49312
28 82 161.42509
28 83 120.62465
28 84 157.57616
28 85 126.49213
28 86 106.41146
28 87 157.57094
28 88 129.17021
28 89 152.82997
28 90 138.21321
28 91 142.33696
28 92 157.49895
28 93 130.10092
28 94 154.90903
28 95 165.02173
28 96 143.67395
28 97 169.42616
28 98 136.37593
28 99 146.36171
29 30 132.98061
29 31 137.47075
29 32 90.90868
29 33 154.29709
29 34 178.38329
29 35 115.10748
29 36 103.58191
29 37 190.66533
29 38 137.53687
29 39 121.90292
29 40 141.62286
29 41 178.58185
29 42 138.08577
29 43 81.19636
29 44 159.18626
29 45 154.61716
29 46 138.75218
29 47 107.74883
29 48 121.62308
29 49 96.04024
29 50 121.85691
29 51 124.98517
29 52 139.42715
29 53 148.35590
29 54 164.40732
29 55 114.28466
29 56 157.77803
29 57 122.51446
29 58 91.21709
29 59 128.11081
29 60 150.53180
29 61 151.94258
29 62 130.33861
29 63 159.20763
29 64 156.84302
29 65 115.70229
29 66 148.79611
29 67 119.56310
29 68 134.90541
29 69 123.41123
29 70 82.17317
29 71 137.30499
29 72 144.99017
29 73 158.85477
29 74 129.61925
29 75 83.61713
29 76 181.80177
29 77 161.75394
29 78 115.20218
29 79 129.37476
29 80 143.94467
29 81 157.65750
29 82 157.29613
29 83 145.30273
29 84 190.07813
29 85 136.19519
29 86 95.03188
29 87 121.54007
29 88 120.33456
29 89 140.05743
29 90 119.54139
29 91 118.04111
29 92 177.46785
29 93 165.87453
29 94 133.47986
29 95 108.97781
29 96 158.41522
29 97 150.53076
29 98 124.93697
29 99 147.72145
30 31 110.88467
30 32 121.23894
30 33 142.99231
30 34 173.53423
30 35 107.76745
30 36 148.39163
30 37 103.80000
30 38 151.55524
30 39 126.42809
30 40 136.18788
30 41 134.92229
30 42 138.27925
30 43 137.52402
30 44 94.56713
30 45 130.64246
30 46 93.40588
30 47 120.18405
30 48 134.40842
30 49 110.44810
30 50 124.02660
30 51 120.25118
30 52 94.77975
30 53 170.90581
30 54 118.76765
30 55 128.06050
30 56 114.29790
30 57 137.19623
30 58 131.42044
30 59 155.16704
30 60 131.51546
30 61 162.12207
30 62 146.98009
30 63 124.87693
30 64 135.70772
30 65 132.85428
30 66 125.91528
30 67 125.05807
30 68 100.08690
30 69 146.77171
30 70 146.81882
30 71 140.94052
30 72 136.23027
30 73 112.17377
30 74 135.02498
30 75 133.08461
30 76 144.23976
30 77 117.88858
30 78 160.69122
30 79 112.63134
30 80 139.41148
30 81 94.10017
30 82 144.49379
30 83 116.27148
30 84 120.77595
30 85 123.94044
30 86 123.96848
30 87 140.86682
30 88 123.86234
30 89 118.36192
30 90 90.53492
30 91 173.69600
30 92 169.98698
30 93 87.74670
30 94 118.12403
30 95 145.78305
30 96 115.24501
30 97 146.95035
30 98 122.19728
30 99 128.03461
31 32 114.27477
31 33 140.20837
31 34 162.21742
31 35 109.46629
31 36 149.92053
31 37 172.59267
31 38 142.68469
31 39 154.22159
31 40 128.79752
31 41 129.93307
31 42 163.84853
31 43 172.58447
31 44 124.94858
31 45 170.49547
31 46 137.61987
31 47 118.83866
31 48 78.68141
31 49 147.08987
31 50 123.44099
31 51 136.85847
31 52 111.84947
31 53 152.70561
31 54 159.34096
31 55 177.29178
31 56 149.82176
31 57 134.81873
31 58 161.89957
31 59 142.64963
31 60 131.13860
31 61 178.84569
31 62 176.44597
31 63 156.20872
31 64 176.49771
31 65 113.83773
31 66 137.51767
31 67 147.50522
31 68 89.38699
31 69 152.33545
31 70 154.90033
31 71 132.57021
31 72 162.69658
31 73 145.23643
31 74 103.77147
31 75 97.28249
31 76 161.23369
31 77 141.75594
31 78 122.69480
31 79 134.44069
31 80 121.97789
31 81 128.50819
31 82 154.72852
31 83 171.96417
31 84 163.20941
31 85 150.93961
31 86 154.37399
31 87 178.64432
31 88 122.88497
31 89 150.87129
31 90 94.73641
31 91 180.85551
31 92 184.22971
31 93 144.62747
31 94 163.03522
31 95 166.93591
31 96 104.82365
31 97 135.53784
31 98 166.07785
31 99 134.97978
32 33 143.45642
32 34 128.12918
32 35 96.38499
32 36 97.62955
32 37 174.62901
32 38 94.33067
32 39 135.24165
32 40 115.79321
32 41 147.40633
32 42 118.81416
32 43 117.56178
32 44 138.03229
32 45 143.15334
32 46 132.89145
32 47 130.08224
32 48 94.60870
32 49 107.79974
32 50 126.05029
32 51 96.80325
32 52 129.57640
32 53 103.16119
32 54 146.14946
32 55 141.15926
32 56 124.60517
32 57 93.63811
32 58 100.22739
32 59 130.11833
32 60 145.66821
32 61 134.84222
32 62 110.56854
32 63 129.58133
32 64 126.28664
32 65 113.67596
32 66 144.85068
32 67 145.90491
32 68 106.67588
32 69 145.84073
32 70 86.20905
32 71 101.26460
32 72 146.28452
32 73 128.74452
32 74 102.31943
32 75 73.73818
32 76 163.75217
32 77 153.64774
32 78 111.50830
32 79 96.23385
32 80 101.96049
32 81 122.57517
32 82 152.82249
32 83 137.30305
32 84 150.42206
32 85 109.01289
32 86 119.12569
32 87 142.24773
32 88 136.92747
32 89 119.46688
32 90 134.37102
32 91 146.07268
32 92 137.19604
32 93 142.09204
32 94 117.83912
32 95 109.96241
32 96 117.39445
32 97 125.61530
32 98 117.80968
32 99 114.76984
33 34 130.41711
33 35 103.98669
33 36 153.56232
33 37 140.04709
33 38 130.55894
33 39 171.72771
33 40 124.67826
33 41 134.13373
33 42 125.44397
33 43 140.71906
33 44 161.77258
33 45 149.89613
33 46 152.62976
33 47 125.58924
33 48 158.65767
33 49 140.77266
33 50 136.40547
33 51 123.58174
33 52 135.91063
33 53 164.38475
33 54 123.66692
33 55 159.40198
33 56 153.02696
33 57 124.89345
33 58 154.59203
33 59 166.56775
33 60 125.38108
33 61 198.45377
33 62 161.01639
33 63 117.65845
33 64 138.77057
33 65 134.41171
33 66 133.97520
33 67 143.89137
33 68 93.28603
33 69 123.93940
33 70 150.47629
33 71 134.97893
33 72 71.55498
33 73 126.08565
33 74 142.84419
33 75 133.69052
33 76 91.09489
33 77 137.12177
33 78 120.21159
33 79 160.17503
33 80 155.41025
33 81 104.64371
33 82 114.12227
33 83 208.08954
33 84 150.40155
33 85 169.50864
33 86 143.02017
33 87 132.63997
33 88 132.14467
33 89 140.98674
33 90 139.14966
33 91 158.63370
33 92 150.76643
33 93 186.90106
33 94 140.26245
33 95 107.39786
33 96 171.05476
33 97 153.67902
33 98 152.24223
33 99 122.17614
34 35 124.09686
34 36 181.42668
34 37 181.73625
34 38 108.33090
34 39 202.18248
34 40 164.96536
34 41 170.09225
34 42 118.57556
34 43 167.18066
34 44 187.89476
34 45 149.03041
34 46 176.12093
34 47 188.40096
34 48 149.03270
34 49 166.83743
34 50 181.63516
34 51 147.39011
34 52 155.66539
34 53 132.29268
34 54 117.15749
34 55 199.79469
34 56 164.86121
34 57 121.29124
34 58 176.39430
34 59 188.42455
34 60 156.85170
34 61 167.05043
34 62 147.03795
34 63 149.47034
34 64 135.28137
34 65 148.97057
34 66 191.94246
34 67 194.99081
34 68 141.07683
34 69 164.49078
34 70 165.81870
34 71 110.23912
34 72 145.14342
34 73 150.00075
34 74 160.44415
34 75 129.90643
34 76 157.14459
34 77 144.12169
34 78 133.77296
34 79 126.77309
34 80 126.06631
34 81 121.23618
34 82 168.04352
34 83 195.12950
34 84 150.80376
34 85 139.30020
34 86 168.88213
34 87 173.91913
34 88 177.63733
34 89 125.01169
34 90 196.32835
34 91 194.85789
34 92 122.97537
34 93 206.75220
34 94 142.04004
34 95 132.09630
34 96 153.15416
34 97 182.12016
34 98 148.38315
34 99 146.19502
35 36 133.90111
35 37 156.87912
35 38 96.61800
35 39 153.38631
35 40 127.44778
35 41 120.50391
35 42 127.89009
35 43 113.25912
35 44 138.76637
35 45 138.09772
35 46 131.86398
35 47 119.73056
35 48 136.02335
35 49 101.40048
35 50 123.55560
35 51 58.89804
35 52 111.15891
35 53 110.82298
35 54 114.33620
35 55 159.71425
35 56 142.19672
35 57 90.34631
35 58 117.22658
35 59 125.62724
35 60 123.34227
35 61 146.97693
35 62 104.96245
35 63 148.37704
35 64 136.28021
35 65 127.10936
35 66 155.87149
35 67 99.73170
35 68 110.68745
35 69 135.96123
35 70 126.55270
35 71 108.96286
35 72 118.45751
35 73 82.20145
35 74 124.05742
35 75 102.26878
35 76 127.67140
35 77 107.59728
35 78 122.11480
35 79 97.39841
35 80 117.98792
35 81 109.02131
35 82 132.22699
35 83 149.51706
35 84 123.94331
35 85 150.10490
35 86 102.86521
35 87 142.22290
35 88 105.17544
35 89 134.69273
35 90 129.62619
35 91 171.00211
35 92 153.25310
35 93 162.60742
35 94 144.53813
35 95 128.65062
35 96 129.84030
35 97 142.83391
35 98 101.34620
35 99 100.88911
36 37 163.99077
36 38 119.01050
36 39 154.75630
36 40 132.28693
36 41 138.45955
36 42 117.39477
36 43 133.00937
36 44 147.90369
36 45 160.26808
36 46 158.46042
36 47 138.78575
36 48 135.05617
36 49 108.65062
36 50 165.36211
36 51 126.90460
36 52 138.32814
36 53 119.45567
36 54 173.16011
36 55 119.25649
36 56 143.73691
36 57 100.19975
36 58 72.47233
36 59 147.82370
36 60 124.89845
36 61 145.01465
36 62 148.13673
36 63 131.77003
36 64 125.37601
36 65 124.01868
36 66 145.39369
36 67 144.08539
36 68 126.87460
36 69 128.13808
36 70 131.65477
36 71 124.40382
36 72 134.50647
36 73 170.46992
36 74 120.58245
36 75 107.74081
36 76 145.41354
36 77 188.50101
36 78 130.66707
36 79 165.85509
36 80 127.00435
36 81 156.35022
36 82 134.71692
36 83 142.76819
36 84 173.77670
36 85 150.12448
36 86 117.09812
36 87 136.44687
36 88 112.13818
36 89 161.68378
36 90 134.87140
36 91 114.79904
36 92 150.39290
36 93 156.53236
36 94 158.02293
36 95 131.82341
36 96 159.94646
36 97 128.07309
36 98 150.12605
36 99 125.90363
37 38 170.07544
37 39 178.91974
37 40 163.95763
37 41 145.95929
37 42 122.06921
37 43 179.23514
37 44 122.40948
37 45 131.30287
37 46 141.15227
37 47 163.40506
37 48 186.94328
37 49 148.43167
37 50 188.18787
37 51 161.00607
37 52 123.06911
37 53 194.77489
37 54 119.65988
37 55 138.16341
37 56 131.06201
37 57 160.74985
37 58 154.91386
37 59 204.21838
37 60 128.48412
37 61 188.88977
37 62 183.15506
37 63 106.21459
37 64 112.33846
37 65 155.07495
37 66 137.59149
37 67 172.69106
37 68 120.01910
37 69 145.99435
37 70 197.41684
37 71 155.02182
37 72 107.48439
37 73 149.59071
37 74 179.37537
37 75 179.80968
37 76 103.80766
37 77 145.93321
37 78 187.04509
37 79 180.15979
37 80 164.79501
37 81 96.79186
37 82 134.26416
37 83 154.37541
37 84 124.72150
37 85 154.16350
37 86 151.44635
37 87 145.18747
37 88 145.96945
37 89 140.23790
37 90 139.78685
37 91 175.52960
37 92 152.19592
37 93 124.79588
37 94 136.03105
37 95 160.30859
37 96 167.91414
37 97 182.16475
37 98 154.99710
37 99 145.96158
38 39 190.07788
38 40 162.82341
38 41 135.71774
38 42 120.82940
38 43 148.47832
38 44 161.03194
38 45 134.26244
38 46 176.82356
38 47 149.11020
38 48 135.70497
38 49 146.09015
38 50 168.23976
38 51 115.08323
38 52 140.85883
38 53 79.19168
38 54 129.94620
38 55 173.52678
38 56 170.76021
38 57 90.13987
38 58 117.23814
38 59 114.24313
38 60 154.81218
38 61 147.73549
38 62 113.56026
38 63 135.29111
38 64 118.52587
38 65 144.73611
38 66 179.78212
38 67 163.22408
38 68 129.39186
38 69 133.88315
38 70 142.95528
38 71 108.81881
38 72 129.34686
38 73 115.84205
38 74 114.07802
38 75 108.14817
38 76 134.73563
38 77 134.71243
38 78 131.77180
38 79 128.05432
38 80 111.66879
38 81 132.08104
38 82 149.13657
38 83 169.58743
38 84 135.62828
38 85 166.82141
38 86 136.19217
38 87 129.68309
38 88 125.89812
38 89 125.76186
38 90 172.23599
38 91 151.74202
38 92 126.42391
38 93 191.41193
38 94 137.78824
38 95 125.95538
38 96 163.76556
38 97 150.84087
38 98 127.38995
38 99 89.37920
39 40 141.21243
39 41 177.73372
39 42 178.06166
39 43 114.53146
39 44 172.99419
39 45 176.79051
39 46 81.64043
39 47 128.71391
39 48 136.01382
39 49 151.07715
39 50 169.46770
39 51 165.37827
39 52 147.23267
39 53 180.26376
39 54 159.75154
39 55 152.49207
39 56 105.35577
39 57 160.29199
39 58 157.05740
39 59 155.46339
39 60 159.91528
39 61 205.53247
39 62 150.65523
39 63 171.95731
39 64 193.45590
39 65 130.07504
39 66 110.85155
39 67 131.18661
39 68 153.83076
39 69 193.76146
39 70 153.39005
39 71 190.14180
39 72 173.46176
39 73 191.93944
39 74 141.08116
39 75 132.43904
39 76 191.78493
39 77 187.18883
39 78 152.91512
39 79 153.32814
39 80 150.38939
39 81 138.74994
39 82 143.86255
39 83 145.15935
39 84 186.86526
39 85 139.31819
39 86 165.99434
39 87 175.96249
39 88 154.94695
39 89 183.74861
39 90 104.01736
39 91 180.02901
39 92 176.98724
39 93 132.51311
39 94 148.28842
39 95 143.36464
39 96 140.01875
39 97 126.71017
39 98 161.03398
39 99 144.68750
40 41 141.96468
40 42 153.07993
40 43 157.58868
40 44 120.06544
40 45 152.82327
40 46 136.98563
40 47 145.08568
40 48 130.49768
40 49 123.72639
40 50 121.47649
40 51 114.22755
40 52 130.67761
40 53 157.83192
40 54 155.04698
40 55 167.83070
40 56 98.89574
40 57 123.29002
40 58 139.27130
40 59 190.53310
40 60 133.41736
40 61 167.04961
40 62 149.19846
40 63 120.97103
40 64 136.02518
40 65 108.60691
40 66 124.24462
40 67 133.54538
40 68 110.36840
40 69 162.80597
40 70 131.89072
40 71 152.95209
40 72 144.67531
40 73 155.50305
40 74 127.70853
40 75 131.24695
40 76 167.10759
40 77 182.58026
40 78 112.11357
40 79 158.47487
40 80 116.57005
40 81 128.34163
40 82 105.35597
40 83 167.28383
40 84 184.43442
40 85 139.07613
40 86 137.69891
40 87 192.15182
40 88 141.46138
40 89 165.26129
40 90 112.58139
40 91 160.59196
40 92 143.47638
40 93 122.95118
40 94 165.99921
40 95 122.81151
40 96 108.92725
40 97 117.59016
40 98 142.83546
40 99 155.55431
41 42 160.52353
41 43 179.21921
41 44 138.32887
41 45 163.50954
41 46 139.56059
41 47 155.49010
41 48 153.30579
41 49 146.26698
41 50 168.19614
41 51 140.95023
41 52 136.85974
41 53 134.50946
41 54 133.77231
41 55 181.61110
41 56 153.73286
41 57 91.74405
41 58 150.88141
41 59 162.40353
41 60 104.29575
41 61 160.38794
41 62 172.76086
41 63 150.06551
41 64 153.31870
41 65 170.50935
41 66 176.85442
41 67 126.34302
41 68 130.18158
41 69 164.72672
41 70 197.46007
41 71 152.12387
41 72 154.92348
41 73 152.29881
41 74 116.86282
41 75 140.95763
41 76 126.55656
41 77 157.13216
41 78 154.14946
41 79 150.42447
41 80 131.25465
41 81 144.01546
41 82 127.16205
41 83 160.34662
41 84 153.70468
41 85 182.51007
41 86 171.65848
41 87 187.42366
41 88 127.73194
41 89 186.32988
41 90 135.21880
41 91 208.93910
41 92 162.32405
41 93 161.35828
41 94 195.52493
41 95 172.15698
41 96 128.98477
41 97 108.59288
41 98 185.41466
41 99 117.28424
42 43 128.96977
42 44 156.06099
42 45 135.94760
42 46 151.69977
42 47 160.51125
42 48 154.79309
42 49 102.91135
42 50 168.69470
42 51 132.72710
42 52 129.16046
42 53 148.66129
42 54 129.05394
42 55 104.59574
42 56 141.32001
42 57 113.25681
42 58 114.73073
42 59 190.54971
42 60 107.08027
42 61 143.05907
42 62 158.19182
42 63 111.21152
42 64 86.23537
42 65 124.45156
42 66 152.85146
42 67 172.84604
42 68 108.68575
42 69 105.17855
42 70 139.64185
42 71 69.63349
42 72 90.43497
42 73 153.47606
42 74 166.51039
42 75 120.61634
42 76 111.88104
42 77 149.70058
42 78 136.80751
42 79 143.70526
42 80 142.30270
42 81 112.58917
42 82 152.07487
42 83 152.86127
42 84 137.66943
42 85 101.87563
42 86 111.95109
42 87 110.31207
42 88 144.05301
42 89 103.80354
42 90 160.17886
42 91 136.77042
42 92 131.28134
42 93 167.58923
42 94 111.33483
42 95 115.06561
42 96 162.66338
42 97 179.74841
42 98 134.23337
42 99 144.15201
43 44 190.53789
43 45 166.50183
43 46 126.91238
43 47 136.94962
43 48 159.58855
43 49 100.67187
43 50 146.91281
43 51 128.22510
43 52 143.78047
43 53 162.60504
43 54 147.01018
43 55 118.22775
43 56 147.91734
43 57 125.47819
43 58 118.32469
43 59 151.80859
43 60 148.93083
43 61 174.53151
43 62 125.78872
43 63 160.70447
43 64 160.08522
43 65 143.53128
43 66 153.18875
43 67 118.50814
43 68 153.07268
43 69 150.30531
43 70 116.37825
43 71 149.52939
43 72 133.03642
43 73 159.85493
43 74 153.26056
43 75 119.84076
43 76 166.12160
43 77 166.27571
43 78 146.99257
43 79 125.75785
43 80 164.49043
43 81 147.12488
43 82 156.03500
43 83 154.25348
43 84 165.64836
43 85 137.71138
43 86 119.05011
43 87 116.75210
43 88 138.99803
43 89 145.35397
43 90 147.80338
43 91 151.18488
43 92 178.58656
43 93 182.83667
43 94 129.80858
43 95 104.16901
43 96 173.62138
43 97 155.43974
43 98 124.52033
43 99 140.52472
44 45 104.39993
44 46 135.71771
44 47 132.26471
44 48 149.13631
44 49 128.44156
44 50 137.51038
44 51 131.56660
44 52 134.55669
44 53 167.05458
44 54 135.39113
44 55 153.43889
44 56 139.20399
44 57 141.83223
44 58 124.95890
44 59 180.44514
44 60 141.90018
44 61 135.85765
44 62 160.62646
44 63 132.00537
44 64 117.73228
44 65 137.71159
44 66 157.64131
44 67 144.13409
44 68 108.12853
44 69 137.71924
44 70 154.04224
44 71 147.24289
44 72 151.28917
44 73 129.33791
44 74 152.33667
44 75 145.13060
44 76 165.09315
44 77 131.66844
44 78 144.95471
44 79 151.28177
44 80 129.30362
44 81 124.96020
44 82 141.46490
44 83 126.75436
44 84 178.06393
44 85 148.38995
44 86 121.69971
44 87 178.07123
44 88 141.52051
44 89 148.98506
44 90 102.49777
44 91 174.84236
44 92 149.06195
44 93 82.73265
44 94 155.55219
44 95 158.41240
44 96 118.77555
44 97 166.06975
44 98 142.82294
44 99 162.64629
45 46 142.97218
45 47 135.26575
45 48 168.05650
45 49 140.54633
45 50 165.16982
45 51 142.65120
45 52 157.38162
45 53 148.13405
45 54 79.42302
45 55 153.19191
45 56 157.77377
45 57 130.66467
45 58 115.89045
45 59 165.08974
45 60 157.09360
45 61 125.00351
45 62 119.05698
45 63 135.36482
45 64 92.62769
45 65 144.14604
45 66 179.44339
45 67 148.76056
45 68 137.50137
45 69 117.86513
45 70 145.84018
45 71 145.54169
45 72 126.34005
45 73 127.83156
45 74 166.59053
45 75 139.81487
45 76 161.74100
45 77 99.18221
45 78 128.43669
45 79 140.73659
45 80 126.58438
45 81 118.64198
45 82 134.57303
45 83 133.64307
45 84 182.76384
45 85 149.49913
45 86 112.94765
45 87 146.97171
45 88 152.00369
45 89 130.23653
45 90 144.48721
45 91 160.65482
45 92 95.64785
45 93 143.31978
45 94 124.19534
45 95 114.52878
45 96 155.46143
45 97 185.05313
45 98 118.47638
45 99 153.86121
46 47 118.20308
46 48 142.35083
46 49 124.32266
46 50 152.55101
46 51 147.87622
46 52 142.68253
46 53 169.96809
46 54 115.58318
46 55 132.92435
46 56 107.36986
46 57 134.96513
46 58 145.43201
46 59 165.21428
46 60 122.45232
46 61 167.56824
46 62 153.12772
46 63 161.45309
46 64 165.48900
46 65 141.18614
46 66 134.75969
46 67 115.83327
46 68 125.46131
46 69 168.62842
46 70 153.26250
46 71 155.42706
46 72 154.27354
46 73 162.15941
46 74 151.06068
46 75 121.55214
46 76 162.27014
46 77 139.63728
46 78 141.03508
46 79 116.51495
46 80 143.89929
46 81 109.80875
46 82 145.61296
46 83 118.26758
46 84 168.79675
46 85 114.59745
46 86 149.16090
46 87 168.26378
46 88 158.19472
46 89 165.57484
46 90 92.52281
46 91 201.28641
46 92 157.74570
46 93 111.16435
46 94 138.44432
46 95 142.89565
46 96 111.99780
46 97 139.69154
46 98 160.33427
46 99 142.94096
47 48 141.46455
47 49 137.16325
47 50 132.84978
47 51 134.74973
47 52 159.24860
47 53 161.38507
47 54 144.46349
47 55 132.34389
47 56 165.25429
47 57 146.07159
47 58 122.39542
47 59 108.21131
47 60 148.58960
47 61 185.63756
47 62 152.40752
47 63 164.29213
47 64 169.93050
47 65 128.68735
47 66 131.36049
47 67 120.01988
47 68 102.03050
47 69 118.40968
47 70 118.67308
47 71 150.28085
47 72 122.90417
47 73 136.13120
47 74 142.51070
47 75 102.47598
47 76 146.14174
47 77 118.38296
47 78 107.95177
47 79 151.58342
47 80 157.56949
47 81 127.03603
47 82 144.98563
47 83 171.44247
47 84 192.12111
47 85 169.15518
47 86 120.66911
47 87 127.00754
47 88 132.53435
47 89 162.88493
47 90 83.68935
47 91 155.27687
47 92 166.83566
47 93 155.46529
47 94 133.83237
47 95 129.56410
47 96 167.73990
47 97 163.16373
47 98 157.38655
47 99 129.99580
48 49 155.14655
48 50 142.09987
48 51 161.15909
48 52 114.24577
48 53 142.89531
48 54 161.26006
48 55 173.28493
48 56 137.28635
48 57 126.85278
48 58 157.84680
48 59 144.18140
48 60 143.60411
48 61 171.20818
48 62 165.76378
48 63 142.36859
48 64 168.63583
48 65 97.31527
48 66 135.14409
48 67 166.09207
48 68 115.27952
48 69 158.52649
48 70 147.21396
48 71 140.02472
48 72 173.88013
48 73 178.63780
48 74 77.72393
48 75 80.34666
48 76 185.24612
48 77 171.10350
48 78 112.87531
48 79 134.29395
48 80 98.11266
48 81 140.47676
48 82 151.11676
48 83 163.32610
48 84 175.98640
48 85 125.83889
48 86 164.86357
48 87 175.04095
48 88 131.01649
48 89 137.92149
48 90 115.63908
48 91 154.31926
48 92 164.48363
48 93 150.03317
48 94 147.56963
48 95 143.01060
48 96 101.47191
48 97 113.71348
48 98 163.27463
48 99 138.65782
49 50 115.12753
49 51 95.78051
49 52 127.58485
49 53 154.87016
49 54 141.40645
49 55 93.56326
49 56 140.11758
49 57 99.35835
49 58 81.13837
49 59 180.21754
49 60 107.00371
49 61 111.40395
49 62 142.24792
49 63 141.27847
49 64 115.41836
49 65 135.72008
49 66 163.37947
49 67 106.20914
49 68 120.99286
49 69 115.79747
49 70 109.13076
49 71 107.08460
49 72 126.34455
49 73 138.15047
49 74 157.14792
49 75 114.49755
49 76 152.74620
49 77 148.86644
49 78 133.74413
49 79 116.23587
49 80 147.65952
49 81 141.30992
49 82 151.41177
49 83 118.32398
49 84 165.82336
49 85 113.99908
49 86 71.92266
49 87 136.18936
49 88 128.88892
49 89 135.07117
49 90 125.48648
49 91 154.06412
49 92 168.65778
49 93 141.82114
49 94 145.64764
49 95 122.54729
49 96 138.08546
49 97 159.93983
49 98 121.01712
49 99 159.83751
50 51 131.92949
50 52 151.36847
50 53 198.07941
50 54 168.02733
50 55 152.30904
50 56 174.95290
50 57 142.80183
50 58 150.18349
50 59 182.16936
50 60 166.61099
50 61 170.53636
50 62 176.28348
50 63 146.44130
50 64 163.44537
50 65 159.41261
50 66 172.60271
50 67 139.61165
50 68 116.90653
50 69 142.76788
50 70 108.13981
50 71 157.57275
50 72 161.18756
50 73 136.38808
50 74 142.48692
50 75 131.86964
50 76 192.10081
50 77 157.16521
50 78 139.08012
50 79 125.55674
50 80 175.47517
50 81 160.76019
50 82 176.80928
50 83 189.59692
50 84 198.79190
50 85 154.68127
50 86 137.70131
50 87 162.73277
50 88 160.56773
50 89 133.55232
50 90 127.94683
50 91 175.88344
50 92 206.25839
50 93 163.97528
50 94 153.89256
50 95 127.65779
50 96 148.77632
50 97 161.25201
50 98 158.37448
50 99 182.82704
51 52 133.17641
51 53 119.00248
51 54 140.52399
51 55 159.97922
51 56 136.84456
51 57 108.93071
51 58 103.56374
51 59 152.24217
51 60 143.06970
51 61 147.19585
51 62 101.31328
51 63 148.87303
51 64 125.25137
51 65 135.95638
51 66 159.43205
51 67 116.28023
51 68 119.20261
51 69 150.29807
51 70 114.47702
51 71 116.39730
51 72 124.89813
51 73 80.47150
51 74 148.71364
51 75 127.53227
51 76 139.62338
51 77 137.20819
51 78 137.05168
51 79 123.01506
51 80 130.16962
51 81 119.11437
51 82 140.47591
51 83 150.41397
51 84 138.13556
51 85 155.19763
51 86 91.69306
51 87 156.34827
51 88 128.09135
51 89 149.77438
51 90 143.76488
51 91 171.14760
51 92 151.52325
51 93 152.55188
51 94 152.80748
51 95 135.35468
51 96 143.24702
51 97 158.87918
51 98 93.40510
51 99 121.47816
52 53 158.66899
52 54 135.05295
52 55 160.25256
52 56 110.11141
52 57 127.34290
52 58 148.88028
52 59 169.51913
52 60 113.26746
52 61 172.87378
52 62 153.99628
52 63 113.37502
52 64 136.21474
52 65 99.39862
52 66 118.70412
52 67 139.53386
52 68 119.63360
52 69 149.91241
52 70 174.73264
52 71 142.09610
52 72 134.80087
52 73 148.98535
52 74 113.45010
52 75 135.24603
52 76 141.34346
52 77 157.33609
52 78 157.09521
52 79 146.83553
52 80 110.41268
52 81 113.56062
52 82 113.34800
52 83 141.35541
52 84 109.37786
52 85 135.55194
52 86 136.47427
52 87 157.55959
52 88 78.27544
52 89 123.24256
52 90 116.21615
52 91 145.41689
52 92 168.41426
52 93 131.20839
52 94 148.83740
52 95 149.96671
52 96 114.82419
52 97 128.21078
52 98 117.45864
52 99 125.19718
53 54 143.67484
53 55 196.53496
53 56 160.88687
53 57 89.64927
53 58 120.98199
53 59 125.05942
53 60 151.64740
53 61 137.34764
53 62 103.46099
53 63 175.31363
53 64 145.07884
53 65 143.82372
53 66 190.54192
53 67 152.40996
53 68 157.29355
53 69 168.98141
53 70 161.45480
53 71 127.32285
53 72 163.70166
53 73 150.24892
53 74 128.45538
53 75 110.21039
53 76 162.29080
53 77 159.53999
53 78 127.49839
53 79 141.57521
53 80 85.50012
53 81 149.74036
53 82 145.25050
53 83 149.62917
53 84 165.76666
53 85 173.08182
53 86 145.66420
53 87 181.81906
53 88 136.73035
53 89 179.81326
53 90 173.21426
53 91 181.62079
53 92 115.58301
53 93 187.01927
53 94 178.71584
53 95 156.12399
53 96 147.13547
53 97 145.40283
53 98 141.10442
53 99 104.55982
54 55 164.08592
54 56 140.52901
54 57 113.18441
54 58 144.58865
54 59 162.71065
54 60 130.52631
54 61 144.82600
54 62 121.37778
54 63 137.25638
54 64 115.82184
54 65 147.54085
54 66 171.40091
54 67 132.74876
54 68 135.36682
54 69 139.59630
54 70 169.40132
54 71 141.98862
54 72 120.35847
54 73 125.63828
54 74 154.01743
54 75 136.31384
54 76 136.86789
54 77 87.57387
54 78 136.04568
54 79 116.32111
54 80 122.05238
54 81 94.20010
54 82 122.38194
54 83 138.17258
54 84 145.48482
54 85 142.24008
54 86 138.38644
54 87 151.12703
54 88 143.90291
54 89 131.20872
54 90 144.07079
54 91 187.80696
54 92 106.84037
54 93 154.81828
54 94 128.85068
54 95 120.07368
54 96 136.91924
54 97 162.94359
54 98 126.26411
54 99 128.84459
55 56 162.53165
55 57 149.19870
55 58 104.06436
55 59 189.93506
55 60 134.64644
55 61 162.80164
55 62 184.86057
55 63 140.79797
55 64 135.18108
55 65 153.11894
55 66 152.80048
55 67 158.71381
55 68 125.63550
55 69 108.55325
55 70 127.13370
55 71 133.12175
55 72 122.64542
55 73 177.68121
55 74 181.53647
55 75 135.26743
55 76 153.02168
55 77 168.50928
55 78 157.71161
55 79 160.45506
55 80 188.05827
55 81 151.31563
55 82 176.82298
55 83 148.28003
55 84 188.05179
55 85 123.63782
55 86 113.51080
55 87 98.45561
55 88 159.62833
55 89 137.65051
55 90 133.61163
55 91 139.84851
55 92 182.95628
55 93 154.55614
55 94 120.23765
55 95 127.28249
55 96 186.19281
55 97 188.05133
55 98 165.24989
55 99 174.82574
56 57 142.51497
56 58 152.87550
56 59 192.17433
56 60 134.46242
56 61 184.35657
56 62 142.29056
56 63 121.81838
56 64 139.97432
56 65 108.45706
56 66 96.77593
56 67 153.26419
56 68 129.28319
56 69 190.43167
56 70 165.21971
56 71 159.76317
56 72 150.69691
56 73 168.94496
56 74 141.29811
56 75 148.24928
56 76 159.35347
56 77 185.77493
56 78 156.37808
56 79 156.05003
56 80 112.13040
56 81 96.63914
56 82 112.35851
56 83 132.75606
56 84 139.33665
56 85 111.81816
56 86 156.49707
56 87 187.42296
56 88 147.18082
56 89 160.18080
56 90 122.80624
56 91 174.17566
56 92 133.88757
56 93 92.00813
56 94 143.86717
56 95 143.03401
56 96 104.27107
56 97 122.76480
56 98 133.18381
56 99 134.60286
57 58 99.81055
57 59 146.32117
57 60 100.59427
57 61 102.21613
57 62 121.32707
57 63 133.12556
57 64 111.88831
57 65 137.75096
57 66 175.65508
57 67 112.24862
57 68 126.48890
57 69 128.50017
57 70 140.08243
57 71 107.89496
57 72 134.18080
57 73 140.26810
57 74 105.31542
57 75 90.98234
57 76 140.64500
57 77 144.31679
57 78 108.14046
57 79 106.67245
57 80 97.36836
57 81 137.87256
57 82 122.67147
57 83 132.22037
57 84 156.14955
57 85 137.33823
57 86 122.98631
57 87 152.68248
57 88 116.17204
57 89 144.56734
57 90 141.50166
57 91 163.96828
57 92 126.11476
57 93 165.34128
57 94 158.97737
57 95 115.33344
57 96 119.00048
57 97 110.76981
57 98 137.49750
57 99 117.08234
58 59 142.84317
58 60 136.79465
58 61 109.44239
58 62 114.39748
58 63 141.28738
58 64 102.66734
58 65 135.63744
58 66 166.54961
58 67 120.36269
58 68 132.84438
58 69 108.26837
58 70 104.85043
58 71 120.29980
58 72 124.47223
58 73 137.37971
58 74 147.08775
58 75 111.65800
58 76 153.06134
58 77 150.33817
58 78 127.43302
58 79 140.45189
58 80 133.28395
58 81 147.87033
58 82 141.77420
58 83 115.07998
58 84 177.45442
58 85 144.88055
58 86 68.26981
58 87 120.87406
58 88 121.58047
58 89 146.78201
58 90 134.84596
58 91 125.26360
58 92 138.22000
58 93 147.61716
58 94 140.39601
58 95 115.87161
58 96 162.37599
58 97 159.07515
58 98 115.77667
58 99 137.37558
59 60 189.85519
59 61 199.70470
59 62 130.46848
59 63 190.39087
59 64 194.11006
59 65 161.74181
59 66 174.60260
59 67 147.36957
59 68 159.26726
59 69 168.63120
59 70 158.89587
59 71 177.29837
59 72 169.18442
59 73 147.36115
59 74 118.78820
59 75 120.45454
59 76 175.48212
59 77 146.78380
59 78 150.85986
59 79 154.76445
59 80 148.58711
59 81 161.07468
59 82 166.15637
59 83 181.73741
59 84 180.91577
59 85 206.95171
59 86 163.01198
59 87 148.03687
59 88 132.17851
59 89 180.87204
59 90 149.43791
59 91 174.71246
59 92 177.54147
59 93 197.61674
59 94 162.11105
59 95 159.93896
59 96 187.06711
59 97 154.07581
59 98 160.89009
59 99 95.23366
60 61 146.64664
60 62 181.05217
60 63 145.64394
60 64 138.56406
60 65 122.60068
60 66 149.01743
60 67 125.98489
60 68 113.31030
60 69 124.75517
60 70 178.78340
60 71 111.83588
60 72 121.91128
60 73 175.52322
60 74 149.55745
60 75 117.49880
60 76 114.20827
60 77 154.51279
60 78 126.24462
60 79 154.89339
60 80 130.44072
60 81 129.59839
60 82 121.53740
60 83 143.32468
60 84 160.52736
60 85 132.43700
60 86 132.98643
60 87 165.74193
60 88 115.47987
60 89 166.05553
60 90 115.65854
60 91 174.76768
60 92 156.40442
60 93 154.61195
60 94 174.73912
60 95 154.65091
60 96 125.83772
60 97 144.53008
60 98 169.33122
60 99 147.23462
61 62 151.00543
61 63 178.93112
61 64 120.11839
61 65 174.40569
61 66 230.66049
61 67 152.32947
61 68 172.16234
61 69 145.11853
61 70 157.11182
61 71 129.69724
61 72 185.21442
61 73 171.55486
61 74 176.38274
61 75 135.05934
61 76 204.26282
61 77 158.69897
61 78 147.33524
61 79 126.18990
61 80 134.30701
61 81 182.83713
61 82 183.22263
61 83 108.93766
61 84 209.49733
61 85 143.14908
61 86 122.01744
61 87 191.54269
61 88 169.01585
61 89 164.52153
61 90 176.13289
61 91 195.37733
61 92 153.20345
61 93 170.09912
61 94 186.92203
61 95 161.01291
61 96 140.61432
61 97 187.15408
61 98 153.48715
61 99 192.86932
62 63 164.41792
62 64 135.46040
62 65 145.25371
62 66 177.74713
62 67 130.42728
62 68 168.36446
62 69 175.06238
62 70 133.27885
62 71 160.92258
62 72 153.49760
62 73 120.55637
62 74 147.59816
62 75 137.89232
62 76 180.77464
62 77 145.94180
62 78 145.66019
62 79 127.20434
62 80 112.59676
62 81 134.66541
62 82 136.66393
62 83 136.85280
62 84 160.82663
62 85 165.97098
62 86 121.58995
62 87 164.51682
62 88 142.61436
62 89 158.38812
62 90 167.63242
62 91 169.55513
62 92 119.61484
62 93 167.24918
62 94 146.02994
62 95 122.56944
62 96 157.08974
62 97 158.89519
62 98 75.71550
62 99 118.76131
63 64 86.83852
63 65 131.52621
63 66 125.14469
63 67 179.68938
63 68 103.37851
63 69 136.19511
63 70 154.43446
63 71 145.25648
63 72 110.34666
63 73 148.71095
63 74 127.51931
63 75 152.13434
63 76 132.62918
63 77 172.67068
63 78 155.12378
63 79 165.27180
63 80 139.02042
63 81 111.58585
63 82 121.45677
63 83 175.35527
63 84 138.64868
63 85 136.34044
63 86 150.97227
63 87 133.06941
63 88 139.26675
63 89 98.94686
63 90 145.89621
63 91 124.52180
63 92 136.55692
63 93 138.33090
63 94 112.95750
63 95 104.70086
63 96 154.39507
63 97 139.37944
63 98 140.58449
63 99 137.88725
64 65 141.35674
64 66 170.59602
64 67 168.40094
64 68 124.92757
64 69 117.17690
64 70 144.47112
64 71 115.39325
64 72 108.57583
64 73 132.60640
64 74 161.09647
64 75 147.86723
64 76 137.09137
64 77 148.28795
64 78 146.65726
64 79 150.32080
64 80 127.87927
64 81 120.52734
64 82 133.75658
64 83 141.05870
64 84 150.76199
64 85 130.89732
64 86 110.34025
64 87 137.04829
64 88 145.71478
64 89 108.69180
64 90 164.55391
64 91 138.30380
64 92 103.82394
64 93 145.01758
64 94 125.24707
64 95 110.63706
64 96 156.71001
64 97 173.40623
64 98 114.31768
64 99 150.33249
65 66 93.29892
65 67 151.71985
65 68 106.74209
65 69 133.76993
65 70 137.79138
65 71 128.02042
65 72 124.89276
65 73 168.06329
65 74 129.75395
65 75 100.77446
65 76 153.17659
65 77 161.78188
65 78 98.66202
65 79 164.30093
65 80 95.43494
65 81 110.06119
65 82 108.88410
65 83 155.66176
65 84 167.11813
65 85 121.26689
65 86 119.05975
65 87 158.66806
65 88 106.87371
65 89 140.34753
65 90 104.17901
65 91 113.62290
65 92 134.48741
65 93 137.38956
65 94 135.66125
65 95 126.55354
65 96 126.09271
65 97 147.65509
65 98 122.68940
65 99 137.93271
66 67 170.70702
66 68 108.17299
66 69 171.37852
66 70 163.94595
66 71 171.41168
66 72 128.36658
66 73 178.63057
66 74 143.39778
66 75 148.27480
66 76 142.18646
66 77 189.39046
66 78 154.11052
66 79 192.89444
66 80 151.53285
66 81 104.88979
66 82 120.86771
66 83 185.94386
66 84 156.72302
66 85 149.75482
66 86 162.85455
66 87 158.38017
66 88 135.77528
66 89 162.23735
66 90 103.45431
66 91 140.50609
66 92 169.07361
66 93 129.96461
66 94 133.84515
66 95 145.54903
66 96 159.13120
66 97 145.00072
66 98 158.61784
66 99 132.50240
67 68 155.22017
67 69 153.46535
67 70 155.62888
67 71 171.98849
67 72 151.53821
67 73 147.06815
67 74 143.99048
67 75 132.40303
67 76 167.96906
67 77 145.30693
67 78 137.94699
67 79 138.23164
67 80 145.06989
67 81 156.49219
67 82 121.28662
67 83 134.81178
67 84 186.83244
67 85 177.34903
67 86 116.90975
67 87 173.56372
67 88 110.03395
67 89 189.30971
67 90 108.29064
67 91 186.15443
67 92 178.78899
67 93 158.59436
67 94 187.26184
67 95 147.15169
67 96 142.52455
67 97 136.14769
67 98 139.71722
67 99 145.34583
68 69 111.18986
68 70 124.64314
68 71 97.28760
68 72 98.60017
68 73 122.39896
68 74 128.78168
68 75 102.41415
68 76 106.92917
68 77 127.34982
68 78 110.78296
68 79 139.30594
68 80 135.47173
68 81 84.13800
68 82 137.46523
68 83 171.67448
68 84 144.66620
68 85 123.59338
68 86 126.95450
68 87 129.59703
68 88 133.36554
68 89 115.53711
68 90 98.70689
68 91 149.16835
68 92 147.34038
68 93 130.51366
68 94 112.09404
68 95 123.07926
68 96 132.34824
68 97 149.76160
68 98 150.87854
68 99 124.95570
69 70 134.59509
69 71 112.70063
69 72 93.98310
69 73 153.35562
69 74 164.76936
69 75 116.17406
69 76 134.18816
69 77 125.84499
69 78 113.67640
69 79 164.32840
69 80 161.72815
69 81 148.28214
69 82 152.32982
69 83 175.08376
69 84 193.45248
69 85 157.07240
69 86 95.36820
69 87 100.34170
69 88 126.85487
69 89 124.28829
69 90 136.50505
69 91 117.45762
69 92 159.46831
69 93 184.29091
69 94 136.53853
69 95 117.45111
69 96 185.31184
69 97 192.55872
69 98 153.87260
69 99 165.46523
70 71 130.28911
70 72 145.22586
70 73 139.39940
70 74 159.41023
70 75 106.02283
70 76 189.10152
70 77 160.33444
70 78 115.13768
70 79 128.58792
70 80 161.80215
70 81 150.68263
70 82 179.92056
70 83 172.93607
70 84 202.19415
70 85 133.24332
70 86 103.69191
70 87 133.83408
70 88 170.72473
70 89 132.24178
70 90 147.53810
70 91 142.16571
70 92 166.18967
70 93 168.74843
70 94 116.99847
70 95 96.24187
70 96 170.26094
70 97 180.04942
70 98 129.86060
70 99 167.24486
71 72 120.60528
71 73 139.17477
71 74 162.89366
71 75 96.20807
71 76 127.26234
71 77 133.66066
71 78 120.36836
71 79 124.97711
71 80 134.53108
71 81 121.19054
71 82 173.35471
71 83 157.90852
71 84 150.04634
71 85 111.87799
71 86 112.87305
71 87 138.45650
71 88 151.53181
71 89 120.78620
71 90 157.98608
71 91 165.83876
71 92 143.96126
71 93 173.26608
71 94 133.87941
71 95 141.06392
71 96 147.49513
71 97 185.39102
71 98 145.74442
71 99 145.84756
72 73 128.87756
72 74 166.05898
72 75 139.13280
72 76 71.88623
72 77 130.77281
72 78 131.72868
72 79 171.46544
72 80 158.33110
72 81 97.82602
72 82 116.89051
72 83 185.16933
72 84 144.40208
72 85 158.23773
72 86 110.30710
72 87 94.90520
72 88 124.78461
72 89 128.40100
72 90 140.88071
72 91 127.03456
72 92 135.33171
72 93 174.80164
72 94 117.13228
72 95 105.26058
72 96 186.95679
72 97 179.44901
72 98 132.27451
72 99 125.43027
73 74 161.44859
73 75 153.64632
73 76 140.68419
73 77 98.94411
73 78 164.22232
73 79 123.82220
73 80 156.89877
73 81 112.31946
73 82 164.09660
73 83 174.59850
73 84 129.80125
73 85 179.43056
73 86 123.87840
73 87 146.57681
73 88 150.19768
73 89 132.06631
73 90 159.71332
73 91 191.30254
73 92 162.86917
73 93 164.91664
73 94 137.72842
73 95 146.62822
73 96 167.80672
73 97 185.85890
73 98 109.33199
73 99 124.18385
74 75 107.44735
74 76 169.86261
74 77 175.64369
74 78 132.66615
74 79 140.83200
74 80 102.17556
74 81 147.35913
74 82 124.88517
74 83 168.25491
74 84 160.87923
74 85 165.06413
74 86 170.25670
74 87 167.62941
74 88 108.89554
74 89 151.17850
74 90 124.93525
74 91 154.04924
74 92 162.29297
74 93 159.16319
74 94 161.07443
74 95 135.78058
74 96 122.23134
74 97 62.89315
74 98 159.25371
74 99 104.35289
75 76 157.11548
75 77 134.69562
75 78 68.03490
75 79 107.82738
75 80 105.91402
75 81 130.55220
75 82 147.56828
75 83 146.42038
75 84 177.78897
75 85 116.86268
75 86 119.49213
75 87 139.11964
75 88 125.93201
75 89 135.69093
75 90 112.66616
75 91 146.75778
75 92 142.07419
75 93 162.29538
75 94 132.03867
75 95 114.24959
75 96 121.91439
75 97 134.30832
75 98 146.79774
75 99 126.07082
76 77 145.45407
76 78 162.61301
76 79 184.91844
76 80 167.19759
76 81 104.93330
76 82 133.23320
76 83 195.95586
76 84 122.39329
76 85 181.06210
76 86 152.21999
76 87 130.49359
76 88 134.67099
76 89 161.50735
76 90 155.23555
76 91 174.16377
76 92 154.40053
76 93 184.73811
76 94 153.56573
76 95 157.03055
76 96 190.18515
76 97 177.75433
76 98 169.41478
76 99 110.11900
77 78 142.78397
77 79 119.73597
77 80 155.88028
77 81 113.35918
77 82 169.18491
77 83 162.83943
77 84 162.78464
77 85 168.00406
77 86 128.34427
77 87 144.00621
77 88 154.08636
77 89 135.77628
77 90 144.91245
77 91 199.99596
77 92 155.27631
77 93 173.91908
77 94 135.49182
77 95 152.02153
77 96 164.27084
77 97 203.36638
77 98 140.06247
77 99 145.02623
78 79 145.06667
78 80 112.07323
78 81 136.88438
78 82 128.97130
78 83 174.49284
78 84 208.24246
78 85 140.75424
78 86 123.84231
78 87 162.61615
78 88 140.53525
78 89 157.64780
78 90 120.43231
78 91 147.28893
78 92 124.17518
78 93 174.22615
78 94 151.42078
78 95 105.31399
78 96 137.67227
78 97 150.91205
78 98 155.75693
78 99 151.06821
79 80 137.19276
79 81 134.64027
79 82 183.92415
79 83 131.79134
79 84 155.30103
79 85 117.40234
79 86 141.48795
79 87 162.20932
79 88 166.58194
79 89 123.26718
79 90 153.79050
79 91 206.47948
79 92 166.49318
79 93 160.55908
79 94 134.38693
79 95 136.34129
79 96 116.07299
79 97 157.64307
79 98 134.83963
79 99 146.96657
80 81 122.11217
80 82 106.60603
80 83 126.74096
80 84 157.34927
80 85 136.09988
80 86 142.10956
80 87 187.85785
80 88 115.34069
80 89 153.60767
80 90 134.43768
80 91 160.37131
80 92 100.22176
80 93 137.52843
80 94 160.91675
80 95 140.76297
80 96 89.76826
80 97 116.92248
80 98 123.33274
80 99 118.07990
81 82 121.85426
81 83 154.83717
81 84 107.17854
81 85 121.55452
81 86 136.80130
81 87 140.93094
81 88 141.03526
81 89 118.93571
81 90 122.32661
81 91 169.33534
81 92 115.01277
81 93 122.69819
81 94 96.64796
81 95 125.72607
81 96 131.03871
81 97 158.48088
81 98 120.27901
81 99 104.24623
82 83 164.09793
82 84 165.53990
82 85 174.44716
82 86 144.25992
82 87 173.69063
82 88 95.70775
82 89 175.30423
82 90 119.34758
82 91 143.41240
82 92 120.43984
82 93 148.71954
82 94 170.68652
82 95 127.39577
82 96 144.40202
82 97 115.67780
82 98 136.79970
82 99 120.79854
83 84 174.79579
83 85 127.91315
83 86 129.51929
83 87 186.32010
83 88 149.81635
83 89 171.11035
83 90 141.18407
83 91 193.70053
83 92 157.44226
83 93 110.88195
83 94 169.07118
83 95 173.39969
83 96 121.67303
83 97 166.33032
83 98 135.39684
83 99 165.71220
84 85 168.07408
84 86 175.38615
84 87 160.21066
84 88 146.62206
84 89 138.97630
84 90 181.53560
84 91 200.16267
84 92 178.51331
84 93 170.34680
84 94 148.37700
84 95 180.46745
84 96 168.08716
84 97 172.71947
84 98 138.14748
84 99 106.50833
85 86 140.72127
85 87 164.46017
85 88 175.96841
85 89 115.74031
85 90 143.64653
85 91 172.89063
85 92 150.15964
85 93 128.09341
85 94 114.34502
85 95 130.79570
85 96 113.60514
85 97 170.33536
85 98 146.83424
85 99 175.46588
86 87 125.85178
86 88 117.98161
86 89 135.91443
86 90 130.22314
86 91 128.62712
86 92 152.20448
86 93 151.91237
86 94 138.86176
86 95 121.83949
86 96 162.55405
86 97 187.27588
86 98 91.62740
86 99 156.86159
87 88 145.16072
87 89 110.12559
87 90 161.35730
87 91 120.49130
87 92 176.73529
87 93 195.02086
87 94 93.43069
87 95 112.17520
87 96 213.47063
87 97 194.46683
87 98 147.36484
87 99 138.59167
88 89 156.00607
88 90 111.90823
88 91 124.54242
88 92 167.62868
88 93 160.37483
88 94 169.81415
88 95 148.19316
88 96 149.73520
88 97 128.59691
88 98 124.56760
88 99 112.41901
89 90 163.61267
89 91 140.38152
89 92 161.44621
89 93 164.50626
89 94 76.62029
89 95 110.63887
89 96 162.05113
89 97 184.77359
89 98 122.00365
89 99 156.42757
90 91 157.90535
90 92 171.15773
90 93 103.73652
90 94 151.52168
90 95 145.44678
90 96 118.38561
90 97 130.21915
90 98 157.54340
90 99 142.88977
91 92 169.19379
91 93 187.95456
91 94 141.05859
91 95 117.42874
91 96 205.41106
91 97 180.11252
91 98 142.94037
91 99 166.67894
92 93 162.14366
92 94 143.46432
92 95 122.76234
92 96 155.07980
92 97 168.45331
92 98 140.98868
92 99 136.60516
93 94 153.19807
93 95 170.77467
93 96 108.48537
93 97 154.61790
93 98 150.42523
93 99 166.41100
94 95 97.44015
94 96 174.54692
94 97 185.63806
94 98 128.30739
94 99 140.21860
95 96 165.52740
95 97 148.68459
95 98 123.51374
95 99 142.70488
96 97 119.67281
96 98 155.17845
96 99 157.69991
97 98 177.35738
97 99 120.83585
98 99 137.81735
