100 30
0 1 178.96069
0 2 155.86995
0 3 145.02576
0 4 139.89983
0 5 154.07059
0 6 151.92336
0 7 156.11513
0 8 143.34491
0 9 204.49896
0 10 201.29428
0 11 187.42644
0 12 178.40814
0 13 191.89883
0 14 164.42384
0 15 153.62396
0 16 205.64656
0 17 151.16510
0 18 137.57806
0 19 103.56872
0 20 152.10062
0 21 167.43892
0 22 153.10391
0 23 187.36002
0 24 166.74289
0 25 194.12790
0 26 149.53548
0 27 206.67413
0 28 138.56393
0 29 146.08789
0 30 182.80589
0 31 144.28517
0 32 171.33751
0 33 171.55066
0 34 175.23531
0 35 188.58806
0 36 168.01547
0 37 169.94745
0 38 144.45520
0 39 176.67831
0 40 138.29491
0 41 206.19394
0 42 168.49579
0 43 169.51349
0 44 170.88570
0 45 182.54172
0 46 151.07211
0 47 179.67923
0 48 152.03734
0 49 153.55730
0 50 175.40680
0 51 159.54063
0 52 184.68951
0 53 185.07867
0 54 184.69379
0 55 141.88235
0 56 170.35172
0 57 198.96278
0 58 155.04587
0 59 167.88257
0 60 119.71299
0 61 177.63907
0 62 188.23875
0 63 144.88451
0 64 140.20773
0 65 137.81712
0 66 187.50021
0 67 138.59079
0 68 209.93274
0 69 178.56708
0 70 170.24161
0 71 166.58966
0 72 167.58749
0 73 187.64589
0 74 180.06294
0 75 195.64540
0 76 186.50293
0 77 186.37442
0 78 186.14302
0 79 208.77939
0 80 158.57765
0 81 164.49414
0 82 177.49249
0 83 156.29529
0 84 189.24095
0 85 186.11110
0 86 188.13405
0 87 166.99129
0 88 143.78558
0 89 151.88335
0 90 191.39030
0 91 154.36057
0 92 210.53409
0 93 182.26952
0 94 140.65822
0 95 166.20229
0 96 213.46680
0 97 180.41217
0 98 181.30101
0 99 168.46558
1 2 166.17287
1 3 153.00615
1 4 142.61044
1 5 145.14015
1 6 178.38229
1 7 169.38365
1 8 156.97449
1 9 185.03088
1 10 170.78395
1 11 198.52586
1 12 185.22484
1 13 191.38411
1 14 125.80470
1 15 172.93745
1 16 166.21021
1 17 115.86409
1 18 171.46927
1 19 190.11469
1 20 168.96516
1 21 177.26703
1 22 192.64326
1 23 210.91286
1 24 184.26784
1 25 190.58066
1 26 103.47353
1 27 188.88676
1 28 183.52592
1 29 134.03090
1 30 190.92242
1 31 152.99574
1 32 215.07367
1 33 142.68649
1 34 102.95815
1 35 216.91910
1 36 198.70586
1 37 159.62508
1 38 163.85522
1 39 179.34183
1 40 147.32428
1 41 198.86948
1 42 165.59914
1 43 143.52393
1 44 124.85791
1 45 207.97617
1 46 163.93584
1 47 200.72807
1 48 167.82478
1 49 156.24832
1 50 144.64142
1 51 161.62410
1 52 188.20827
1 53 193.76436
1 54 157.40005
1 55 156.91954
1 56 159.89218
1 57 216.15509
1 58 179.35770
1 59 155.46709
1 60 155.36882
1 61 161.95518
1 62 207.16911
1 63 148.84171
1 64 185.54379
1 65 195.90483
1 66 159.60556
1 67 170.64606
1 68 157.21533
1 69 167.00639
1 70 194.10579
1 71 166.33023
1 72 157.45433
1 73 171.83969
1 74 189.15219
1 75 170.88266
1 76 190.67516
1 77 237.84863
1 78 170.58961
1 79 202.79874
1 80 206.16986
1 81 183.93304
1 82 149.29431
1 83 168.67813
1 84 194.06483
1 85 143.80345
1 86 183.23329
1 87 197.58769
1 88 141.77895
1 89 164.90501
1 90 159.13896
1 91 214.95239
1 92 233.30969
1 93 160.13301
1 94 158.89529
1 95 149.42558
1 96 136.65257
1 97 133.80920
1 98 199.94130
1 99 165.48997
2 3 139.14853
2 4 161.16722
2 5 166.88821
2 6 166.65590
2 7 162.48775
2 8 165.11986
2 9 226.03535
2 10 160.90294
2 11 166.63895
2 12 134.86214
2 13 132.25522
2 14 187.83769
2 15 178.68713
2 16 200.23790
2 17 125.09934
2 18 131.93520
2 19 140.90225
2 20 163.66432
2 21 127.99242
2 22 170.44125
2 23 188.26189
2 24 194.70157
2 25 170.94629
2 26 153.13475
2 27 194.08490
2 28 149.75829
2 29 147.31215
2 30 160.45403
2 31 152.37117
2 32 178.49750
2 33 157.98752
2 34 176.64285
2 35 154.43889
2 36 194.53821
2 37 171.01189
2 38 173.56165
2 39 163.14923
2 40 170.84575
2 41 164.87448
2 42 167.32574
2 43 175.76212
2 44 178.19949
2 45 150.87741
2 46 174.42612
2 47 200.77449
2 48 178.91835
2 49 146.09070
2 50 152.71269
2 51 153.25839
2 52 146.70218
2 53 199.99071
2 54 184.31264
2 55 166.57918
2 56 167.14751
2 57 173.48950
2 58 133.70071
2 59 158.77744
2 60 114.05064
2 61 156.86096
2 62 176.06198
2 63 180.20613
2 64 147.64902
2 65 178.41763
2 66 182.10533
2 67 161.38608
2 68 159.25818
2 69 179.50932
2 70 169.54597
2 71 164.79761
2 72 181.46767
2 73 193.01019
2 74 176.98744
2 75 146.71445
2 76 178.65732
2 77 159.12773
2 78 159.84578
2 79 169.86185
2 80 189.29137
2 81 168.44736
2 82 156.84631
2 83 141.37328
2 84 168.46048
2 85 159.26590
2 86 171.11981
2 87 200.03270
2 88 170.52844
2 89 157.93777
2 90 190.06332
2 91 154.94676
2 92 191.88959
2 93 149.30553
2 94 149.29544
2 95 172.37947
2 96 153.16716
2 97 144.34537
2 98 137.46098
2 99 179.57402
3 4 127.15039
3 5 174.55656
3 6 140.51535
3 7 102.82684
3 8 122.25204
3 9 165.17052
3 10 167.07214
3 11 131.86914
3 12 127.11775
3 13 159.05128
3 14 130.14255
3 15 176.92549
3 16 177.16685
3 17 147.24612
3 18 147.23656
3 19 128.94951
3 20 146.03171
3 21 139.41174
3 22 160.71989
3 23 168.62248
3 24 190.10350
3 25 200.05132
3 26 128.72670
3 27 153.27951
3 28 122.29762
3 29 137.51118
3 30 156.40814
3 31 120.93548
3 32 159.54468
3 33 133.85818
3 34 121.98614
3 35 201.64235
3 36 154.90167
3 37 160.54062
3 38 174.98137
3 39 133.66690
3 40 154.71266
3 41 188.78392
3 42 127.09568
3 43 146.24028
3 44 161.74994
3 45 149.35674
3 46 149.89655
3 47 152.61610
3 48 149.57773
3 49 162.51517
3 50 169.56937
3 51 114.78477
3 52 146.45332
3 53 189.37541
3 54 126.08411
3 55 140.55975
3 56 130.79541
3 57 151.50266
3 58 144.01991
3 59 138.47546
3 60 140.12051
3 61 167.83592
3 62 134.50929
3 63 179.65826
3 64 118.37016
3 65 168.83733
3 66 140.27567
3 67 124.62708
3 68 173.11461
3 69 162.53561
3 70 177.20189
3 71 176.38583
3 72 178.18108
3 73 177.38889
3 74 168.75630
3 75 159.65944
3 76 139.89923
3 77 168.86351
3 78 141.71835
3 79 167.62045
3 80 153.52242
3 81 142.28531
3 82 151.63005
3 83 106.45696
3 84 140.08134
3 85 179.41626
3 86 170.91136
3 87 156.71536
3 88 140.26309
3 89 170.99724
3 90 145.33986
3 91 166.63426
3 92 164.33467
3 93 152.59671
3 94 140.13599
3 95 134.87627
3 96 159.12221
3 97 133.65286
3 98 178.14648
3 99 162.23357
4 5 161.56419
4 6 151.35101
4 7 153.91580
4 8 158.48764
4 9 219.56050
4 10 171.15540
4 11 162.28072
4 12 188.19722
4 13 182.63197
4 14 155.59227
4 15 200.68686
4 16 217.99405
4 17 141.35042
4 18 165.90283
4 19 157.85617
4 20 168.68074
4 21 161.55382
4 22 213.02879
4 23 172.37819
4 24 224.91257
4 25 207.87878
4 26 130.68173
4 27 187.25584
4 28 175.69368
4 29 169.11017
4 30 187.38905
4 31 141.67311
4 32 193.54318
4 33 167.23853
4 34 141.61848
4 35 197.58150
4 36 205.81909
4 37 153.67642
4 38 142.70555
4 39 193.89764
4 40 176.38405
4 41 211.08122
4 42 160.09863
4 43 122.02769
4 44 177.45912
4 45 222.48753
4 46 160.63867
4 47 136.19682
4 48 195.39032
4 49 144.74950
4 50 179.97359
4 51 146.90059
4 52 195.43832
4 53 182.52962
4 54 170.67973
4 55 194.87509
4 56 166.87965
4 57 190.97433
4 58 180.51987
4 59 179.52707
4 60 135.40817
4 61 168.19273
4 62 171.06488
4 63 160.09332
4 64 140.96518
4 65 195.55286
4 66 158.16795
4 67 130.80881
4 68 200.12317
4 69 179.46948
4 70 187.92514
4 71 190.97821
4 72 169.24768
4 73 187.60114
4 74 190.42398
4 75 183.36633
4 76 154.81766
4 77 233.43910
4 78 148.46454
4 79 183.95157
4 80 202.45430
4 81 172.25883
4 82 152.50897
4 83 138.77673
4 84 197.41740
4 85 189.25417
4 86 203.54408
4 87 207.70082
4 88 176.31342
4 89 160.43710
4 90 172.77028
4 91 181.13434
4 92 230.03030
4 93 166.86607
4 94 195.40425
4 95 138.96248
4 96 144.59444
4 97 163.52774
4 98 224.60722
4 99 168.82083
5 6 184.52657
5 7 155.03377
5 8 144.59666
5 9 212.72340
5 10 179.79984
5 11 185.87108
5 12 151.32382
5 13 191.90442
5 14 154.95442
5 15 168.48685
5 16 167.33177
5 17 133.96823
5 18 175.79253
5 19 184.83131
5 20 166.60013
5 21 156.21904
5 22 172.07500
5 23 202.10240
5 24 150.41287
5 25 183.72701
5 26 111.01612
5 27 194.98128
5 28 181.31146
5 29 142.00287
5 30 186.72293
5 31 151.61821
5 32 177.65688
5 33 184.10684
5 34 155.91794
5 35 121.01846
5 36 203.12920
5 37 150.86252
5 38 143.49069
5 39 202.35161
5 40 167.28926
5 41 185.71542
5 42 182.77762
5 43 154.02261
5 44 138.51933
5 45 216.99481
5 46 178.70480
5 47 168.48851
5 48 187.87302
5 49 157.85352
5 50 177.67494
5 51 197.91701
5 52 216.03963
5 53 220.51337
5 54 178.93895
5 55 154.79268
5 56 204.06094
5 57 213.32080
5 58 170.69125
5 59 144.18044
5 60 135.63211
5 61 176.36801
5 62 192.95494
5 63 129.19479
5 64 140.40277
5 65 171.26317
5 66 163.39540
5 67 164.51335
5 68 180.74092
5 69 169.99075
5 70 217.10954
5 71 151.86588
5 72 169.78873
5 73 158.92101
5 74 197.06323
5 75 195.40852
5 76 163.87669
5 77 190.02473
5 78 185.09586
5 79 194.17146
5 80 163.06853
5 81 160.36572
5 82 184.19627
5 83 162.51204
5 84 215.15729
5 85 172.56557
5 86 183.05664
5 87 197.87357
5 88 143.32213
5 89 156.56996
5 90 187.30299
5 91 166.08865
5 92 199.11607
5 93 136.32426
5 94 166.52545
5 95 187.52521
5 96 181.87965
5 97 178.74222
5 98 220.21109
5 99 138.62537
6 7 158.66039
6 8 163.24623
6 9 193.58980
6 10 156.22739
6 11 132.37415
6 12 155.88074
6 13 175.11877
6 14 141.15910
6 15 166.67783
6 16 204.39140
6 17 142.35771
6 18 154.02386
6 19 152.33823
6 20 128.06926
6 21 156.37550
6 22 178.59689
6 23 185.03789
6 24 202.72757
6 25 189.25763
6 26 169.81683
6 27 192.26266
6 28 178.30235
6 29 155.57799
6 30 169.81798
6 31 134.85283
6 32 186.94481
6 33 179.73549
6 34 144.89755
6 35 192.08102
6 36 185.61185
6 37 146.86726
6 38 155.95575
6 39 167.61258
6 40 126.07100
6 41 200.81798
6 42 144.48547
6 43 137.08131
6 44 155.25987
6 45 199.53555
6 46 122.87010
6 47 143.66963
6 48 140.41016
6 49 170.49083
6 50 193.56165
6 51 155.27245
6 52 167.39915
6 53 168.23140
6 54 149.05045
6 55 152.82831
6 56 160.12672
6 57 162.57048
6 58 185.08966
6 59 162.49542
6 60 144.94089
6 61 150.50305
6 62 158.48036
6 63 150.06657
6 64 146.36189
6 65 203.10448
6 66 141.56442
6 67 155.40404
6 68 177.14468
6 69 151.20926
6 70 141.35161
6 71 173.43523
6 72 173.21333
6 73 195.48366
6 74 164.47046
6 75 169.15685
6 76 159.29912
6 77 196.11151
6 78 201.58083
6 79 167.91180
6 80 159.80780
6 81 179.17952
6 82 141.93575
6 83 152.40694
6 84 178.47508
6 85 173.04468
6 86 201.93674
6 87 144.69891
6 88 182.57436
6 89 114.06172
6 90 159.81708
6 91 107.94597
6 92 175.21649
6 93 168.19307
6 94 168.53728
6 95 120.73691
6 96 166.45978
6 97 109.02431
6 98 169.64302
6 99 148.01498
7 8 156.25430
7 9 149.84753
7 10 181.48859
7 11 152.34605
7 12 116.90090
7 13 193.09454
7 14 135.78572
7 15 157.04004
7 16 143.06839
7 17 154.29105
7 18 166.06261
7 19 158.06137
7 20 161.58081
7 21 129.66830
7 22 155.85449
7 23 140.84151
7 24 164.97794
7 25 203.30632
7 26 142.87520
7 27 154.62482
7 28 104.99593
7 29 172.45972
7 30 118.09869
7 31 136.58234
7 32 145.76111
7 33 119.45203
7 34 152.14066
7 35 179.99934
7 36 147.08827
7 37 171.16940
7 38 153.47641
7 39 168.28793
7 40 139.60913
7 41 158.79497
7 42 141.34515
7 43 134.24734
7 44 162.62318
7 45 170.75485
7 46 141.24002
7 47 133.49171
7 48 144.79912
7 49 159.81764
7 50 156.63239
7 51 168.31958
7 52 172.98679
7 53 193.75580
7 54 138.72269
7 55 142.35835
7 56 140.79030
7 57 155.63986
7 58 129.19449
7 59 146.32571
7 60 127.91765
7 61 137.20912
7 62 154.80089
7 63 188.98219
7 64 139.93437
7 65 161.47420
7 66 155.14110
7 67 142.19891
7 68 183.31992
7 69 171.05673
7 70 181.42879
7 71 150.36935
7 72 154.54033
7 73 181.28137
7 74 153.88943
7 75 161.70494
7 76 170.53258
7 77 154.91920
7 78 156.45563
7 79 149.91275
7 80 136.91277
7 81 117.83809
7 82 168.85944
7 83 121.35191
7 84 124.36787
7 85 184.77577
7 86 188.67331
7 87 158.10228
7 88 146.00476
7 89 174.92590
7 90 154.13446
7 91 164.40227
7 92 149.20859
7 93 92.96650
7 94 151.19547
7 95 136.88008
7 96 169.58920
7 97 142.89886
7 98 194.91621
7 99 138.59285
8 9 159.20271
8 10 142.86502
8 11 155.93166
8 12 147.86218
8 13 163.78517
8 14 149.77147
8 15 175.87845
8 16 169.89091
8 17 166.52086
8 18 173.33429
8 19 144.72026
8 20 133.59029
8 21 151.81104
8 22 154.15755
8 23 210.94597
8 24 160.21617
8 25 180.40340
8 26 119.63566
8 27 161.77312
8 28 156.09956
8 29 116.89730
8 30 171.06683
8 31 123.28186
8 32 158.42148
8 33 172.80380
8 34 143.77478
8 35 184.21602
8 36 151.67259
8 37 148.98077
8 38 186.63048
8 39 144.22917
8 40 161.79785
8 41 192.09796
8 42 165.12308
8 43 152.92070
8 44 133.47359
8 45 167.29181
8 46 166.48146
8 47 171.76614
8 48 152.16653
8 49 176.40469
8 50 167.98453
8 51 137.55258
8 52 171.46786
8 53 215.03674
8 54 186.87068
8 55 116.88554
8 56 164.11143
8 57 146.25706
8 58 161.30054
8 59 146.38982
8 60 145.50424
8 61 173.49239
8 62 147.57549
8 63 145.90749
8 64 134.28604
8 65 161.86374
8 66 146.53690
8 67 120.99617
8 68 158.48248
8 69 174.81932
8 70 196.95938
8 71 163.69131
8 72 143.72481
8 73 152.21640
8 74 225.85930
8 75 180.56096
8 76 120.97767
8 77 204.35258
8 78 171.41539
8 79 206.25681
8 80 145.09006
8 81 137.53256
8 82 157.62306
8 83 147.06644
8 84 181.34709
8 85 141.36615
8 86 153.83044
8 87 127.22878
8 88 160.16710
8 89 181.63365
8 90 154.32864
8 91 165.82967
8 92 175.96194
8 93 179.35278
8 94 159.91437
8 95 170.26059
8 96 189.54021
8 97 163.98351
8 98 208.83505
8 99 156.49100
9 10 172.07254
9 11 198.03236
9 12 198.90474
9 13 197.68018
9 14 139.45665
9 15 161.59052
9 16 123.10057
9 17 210.49069
9 18 179.53546
9 19 184.90019
9 20 177.63718
9 21 201.29549
9 22 176.83008
9 23 189.73648
9 24 156.00932
9 25 198.58765
9 26 165.90689
9 27 141.36594
9 28 153.54993
9 29 184.74574
9 30 189.99255
9 31 177.95082
9 32 163.35078
9 33 153.19336
9 34 153.41982
9 35 250.44775
9 36 134.35481
9 37 168.84503
9 38 194.45215
9 39 157.99809
9 40 141.71342
9 41 163.59538
9 42 162.10637
9 43 145.90770
9 44 175.25084
9 45 187.84209
9 46 171.28633
9 47 190.22537
9 48 138.47685
9 49 191.10872
9 50 151.73616
9 51 170.84891
9 52 155.36676
9 53 169.65033
9 54 157.86404
9 55 147.65845
9 56 166.64755
9 57 148.90610
9 58 182.21544
9 59 168.42892
9 60 198.24608
9 61 158.05841
9 62 179.85979
9 63 171.95483
9 64 216.08704
9 65 180.72745
9 66 162.14877
9 67 161.24553
9 68 167.85701
9 69 167.97365
9 70 182.85298
9 71 139.03821
9 72 132.95874
9 73 169.08661
9 74 185.49376
9 75 175.03052
9 76 186.90085
9 77 200.70175
9 78 179.68993
9 79 191.28850
9 80 132.85152
9 81 135.38379
9 82 171.47244
9 83 184.30867
9 84 113.75934
9 85 161.38942
9 86 173.22226
9 87 131.95442
9 88 181.07664
9 89 212.46716
9 90 154.11317
9 91 207.05710
9 92 161.87624
9 93 173.33121
9 94 152.00356
9 95 154.96249
9 96 201.45064
9 97 153.13661
9 98 196.46512
9 99 170.97188
10 11 157.11356
10 12 164.47086
10 13 142.92072
10 14 180.51462
10 15 185.14381
10 16 154.19370
10 17 156.75220
10 18 177.19266
10 19 187.49474
10 20 155.92886
10 21 139.77103
10 22 181.58942
10 23 191.51698
10 24 206.85188
10 25 122.31447
10 26 147.21852
10 27 121.44021
10 28 181.96500
10 29 183.86319
10 30 173.50900
10 31 158.26253
10 32 162.70316
10 33 170.12004
10 34 130.89714
10 35 188.34903
10 36 163.04947
10 37 136.07939
10 38 156.92680
10 39 137.90352
10 40 167.95357
10 41 153.94933
10 42 154.88289
10 43 106.16884
10 44 163.06342
10 45 179.58282
10 46 150.11546
10 47 156.39636
10 48 190.25943
10 49 174.89262
10 50 136.83162
10 51 147.87091
10 52 138.87585
10 53 199.02103
10 54 179.36467
10 55 165.51883
10 56 158.98228
10 57 112.31159
10 58 181.07153
10 59 173.36330
10 60 149.57867
10 61 147.78787
10 62 142.39195
10 63 144.46225
10 64 169.78989
10 65 192.53767
10 66 114.73756
10 67 147.12283
10 68 156.93478
10 69 137.45775
10 70 188.78760
10 71 145.37636
10 72 128.28285
10 73 168.62964
10 74 193.15242
10 75 139.19618
10 76 146.53252
10 77 215.13930
10 78 160.46489
10 79 195.78453
10 80 160.52791
10 81 142.21156
10 82 149.90359
10 83 176.70880
10 84 174.83725
10 85 105.91302
10 86 147.22807
10 87 164.97870
10 88 186.02588
10 89 171.85522
10 90 166.87996
10 91 159.56885
10 92 177.03442
10 93 166.83229
10 94 183.38768
10 95 174.52501
10 96 136.28000
10 97 126.64323
10 98 189.67712
10 99 148.00694
11 12 144.99893
11 13 180.09166
11 14 170.33095
11 15 215.81599
11 16 196.64330
11 17 179.19585
11 18 188.99226
11 19 179.53310
11 20 183.43974
11 21 137.85103
11 22 175.85835
11 23 230.96794
11 24 201.08157
11 25 192.32141
11 26 153.62308
11 27 192.34837
11 28 154.99361
11 29 177.72845
11 30 177.56050
11 31 155.20000
11 32 204.36192
11 33 184.17500
11 34 177.30502
11 35 174.46599
11 36 174.85947
11 37 194.70976
11 38 153.77267
11 39 163.25972
11 40 198.58815
11 41 198.55197
11 42 135.45602
11 43 151.03943
11 44 207.31105
11 45 173.90411
11 46 128.35420
11 47 165.36333
11 48 161.88054
11 49 183.46596
11 50 212.26236
11 51 185.17673
11 52 160.72046
11 53 198.14471
11 54 152.51698
11 55 181.66052
11 56 186.91827
11 57 133.51199
11 58 181.30383
11 59 136.01567
11 60 150.80252
11 61 174.79431
11 62 114.90739
11 63 190.29260
11 64 141.42729
11 65 241.79843
11 66 169.85513
11 67 123.20925
11 68 155.25583
11 69 181.81213
11 70 158.98387
11 71 192.22432
11 72 181.88969
11 73 173.84700
11 74 201.94804
11 75 179.70064
11 76 110.76743
11 77 178.75468
11 78 201.05241
11 79 146.37033
11 80 177.10756
11 81 151.92833
11 82 142.09775
11 83 149.49026
11 84 160.26657
11 85 184.78036
11 86 205.16252
11 87 154.12537
11 88 201.69829
11 89 161.57736
11 90 149.78821
11 91 163.41162
11 92 170.79855
11 93 150.82867
11 94 187.46423
11 95 152.42000
11 96 166.44460
11 97 158.16185
11 98 209.99225
11 99 118.64367
12 13 170.25023
12 14 170.62782
12 15 171.65126
12 16 164.51982
12 17 147.98836
12 18 187.21991
12 19 175.36221
12 20 173.43323
12 21 121.41719
12 22 137.96962
12 23 195.04857
12 24 168.15829
12 25 184.40228
12 26 145.11726
12 27 167.75853
12 28 154.77332
12 29 166.35001
12 30 140.14008
12 31 131.25316
12 32 149.78255
12 33 143.84889
12 34 163.65952
12 35 150.29546
12 36 160.79718
12 37 194.37949
12 38 175.13219
12 39 159.62941
12 40 178.68916
12 41 180.18607
12 42 148.49756
12 43 169.76808
12 44 163.11382
12 45 143.30969
12 46 145.74332
12 47 158.11253
12 48 168.64026
12 49 171.17105
12 50 173.85866
12 51 191.45607
12 52 163.64709
12 53 227.20656
12 54 171.43118
12 55 125.79230
12 56 179.53456
12 57 160.49893
12 58 154.02260
12 59 133.69620
12 60 131.34140
12 61 175.51189
12 62 154.51350
12 63 197.69891
12 64 131.61911
12 65 176.57047
12 66 170.04961
12 67 180.98671
12 68 182.41052
12 69 155.91528
12 70 212.04329
12 71 171.24716
12 72 182.57121
12 73 177.34657
12 74 183.78813
12 75 140.10674
12 76 166.96783
12 77 156.71112
12 78 192.55396
12 79 172.73506
12 80 157.38969
12 81 151.30066
12 82 183.93855
12 83 128.18277
12 84 169.62965
12 85 164.34145
12 86 159.81599
12 87 145.80411
12 88 153.40039
12 89 166.41225
12 90 190.68369
12 91 162.18036
12 92 164.67723
12 93 133.76160
12 94 149.25381
12 95 174.77901
12 96 176.75467
12 97 154.35477
12 98 187.74689
12 99 147.90608
13 14 161.63129
13 15 177.51363
13 16 204.07849
13 17 159.87589
13 18 127.82266
13 19 147.41441
13 20 150.48412
13 21 158.77829
13 22 216.84615
13 23 186.43297
13 24 182.78008
13 25 176.59198
13 26 155.18140
13 27 163.55020
13 28 199.32405
13 29 174.59824
13 30 202.80138
13 31 161.84695
13 32 148.05095
13 33 187.69292
13 34 164.49651
13 35 171.37491
13 36 185.33923
13 37 133.49368
13 38 190.38289
13 39 173.44371
13 40 189.39139
13 41 154.45422
13 42 166.55721
13 43 155.64523
13 44 188.96950
13 45 200.95837
13 46 191.31494
13 47 173.21333
13 48 173.01047
13 49 149.49826
13 50 147.41995
13 51 157.10890
13 52 151.29565
13 53 166.77330
13 54 188.52896
13 55 166.12598
13 56 189.97040
13 57 148.88307
13 58 179.54897
13 59 172.99115
13 60 174.27864
13 61 175.51476
13 62 185.89830
13 63 163.93430
13 64 153.01053
13 65 169.56604
13 66 160.87480
13 67 165.53108
13 68 165.10986
13 69 143.64879
13 70 184.55156
13 71 150.29871
13 72 185.60600
13 73 160.01181
13 74 170.44031
13 75 128.59184
13 76 149.96111
13 77 169.33386
13 78 172.76460
13 79 185.42279
13 80 174.21660
13 81 185.57762
13 82 142.55034
13 83 167.58925
13 84 162.68935
13 85 153.87675
13 86 131.23767
13 87 190.30621
13 88 204.21793
13 89 177.77583
13 90 198.55765
13 91 160.70715
13 92 182.06114
13 93 177.61151
13 94 165.06876
13 95 166.81737
13 96 178.02177
13 97 150.67854
13 98 144.20708
13 99 192.38576
14 15 159.46213
14 16 148.08546
14 17 130.18790
14 18 157.16817
14 19 168.54610
14 20 125.49285
14 21 168.08398
14 22 198.10263
14 23 178.42659
14 24 147.56764
14 25 206.27414
14 26 111.46745
14 27 180.34673
14 28 180.47980
14 29 146.10248
14 30 179.68175
14 31 122.65693
14 32 174.04045
14 33 154.80431
14 34 119.58063
14 35 203.24544
14 36 179.99794
14 37 131.63600
14 38 164.87910
14 39 174.20898
14 40 134.47557
14 41 182.68382
14 42 154.93173
14 43 121.62653
14 44 152.23517
14 45 220.37923
14 46 154.10760
14 47 148.43045
14 48 110.26971
14 49 166.00621
14 50 164.53305
14 51 163.07385
14 52 188.36607
14 53 148.80034
14 54 132.76585
14 55 130.42340
14 56 145.20818
14 57 184.16235
14 58 157.50252
14 59 157.20088
14 60 169.86226
14 61 151.48988
14 62 200.19458
14 63 140.67365
14 64 159.66940
14 65 175.36180
14 66 139.52046
14 67 143.38501
14 68 155.60323
14 69 135.79558
14 70 158.97649
14 71 140.36717
14 72 158.86024
14 73 150.89955
14 74 146.24005
14 75 164.33810
14 76 162.49225
14 77 186.10112
14 78 171.99217
14 79 166.04706
14 80 147.45602
14 81 171.54887
14 82 132.11441
14 83 147.15143
14 84 151.12746
14 85 160.82155
14 86 179.05327
14 87 149.80006
14 88 155.99191
14 89 153.36211
14 90 157.00720
14 91 178.75182
14 92 171.61298
14 93 133.93498
14 94 140.52399
14 95 126.04648
14 96 175.38150
14 97 127.96085
14 98 187.14551
14 99 144.08859
15 16 183.13528
15 17 157.16042
15 18 124.88987
15 19 134.85913
15 20 166.45966
15 21 175.89760
15 22 158.97391
15 23 177.74725
15 24 156.42223
15 25 187.81987
15 26 176.35727
15 27 172.50499
15 28 153.30408
15 29 170.19844
15 30 189.86832
15 31 192.77162
15 32 154.95480
15 33 139.96373
15 34 152.03305
15 35 192.91515
15 36 148.95724
15 37 154.89755
15 38 162.93869
15 39 200.99466
15 40 96.66604
15 41 189.35600
15 42 126.31114
15 43 156.92223
15 44 116.64615
15 45 181.96332
15 46 150.19185
15 47 192.27455
15 48 135.19563
15 49 143.01952
15 50 124.53284
15 51 194.57468
15 52 162.79607
15 53 175.52808
15 54 171.26587
15 55 141.01425
15 56 183.19498
15 57 203.87117
15 58 191.51611
15 59 144.68993
15 60 174.26068
15 61 138.95082
15 62 206.35226
15 63 147.65170
15 64 180.05302
15 65 132.92422
15 66 182.64798
15 67 202.70726
15 68 191.87428
15 69 170.17442
15 70 194.71843
15 71 108.00325
15 72 159.17482
15 73 186.83310
15 74 145.14391
15 75 155.16116
15 76 213.72427
15 77 183.60181
15 78 217.14362
15 79 202.65964
15 80 148.82219
15 81 179.86368
15 82 175.49054
15 83 197.96080
15 84 172.35495
15 85 155.00806
15 86 149.47884
15 87 164.23413
15 88 145.46503
15 89 129.19579
15 90 201.04585
15 91 156.07573
15 92 191.45520
15 93 172.79944
15 94 149.37868
15 95 140.29993
15 96 209.48680
15 97 138.59444
15 98 134.84021
15 99 156.62000
16 17 165.77313
16 18 207.51759
16 19 216.47565
16 20 182.96460
16 21 161.96675
16 22 165.61951
16 23 196.85492
16 24 153.74622
16 25 165.30588
16 26 133.81064
16 27 152.68102
16 28 165.69916
16 29 193.01889
16 30 159.00237
16 31 158.57964
16 32 163.44858
16 33 151.83746
16 34 154.69090
16 35 211.50916
16 36 161.65781
16 37 180.41568
16 38 166.88496
16 39 148.06883
16 40 162.22598
16 41 147.12776
16 42 182.95038
16 43 143.97115
16 44 183.66261
16 45 185.91037
16 46 165.90410
16 47 187.29988
16 48 168.14534
16 49 200.98616
16 50 147.07170
16 51 195.03015
16 52 174.70193
16 53 205.89545
16 54 161.75061
16 55 142.48245
16 56 148.54083
16 57 169.32254
16 58 137.44984
16 59 176.19928
16 60 169.69914
16 61 165.17679
16 62 200.00528
16 63 169.68782
16 64 206.85530
16 65 183.69731
16 66 156.71085
16 67 163.39685
16 68 172.25128
16 69 146.96458
16 70 197.40881
16 71 128.18318
16 72 137.63921
16 73 174.65613
16 74 178.39508
16 75 167.21527
16 76 197.49951
16 77 182.50793
16 78 166.34367
16 79 192.40387
16 80 129.36829
16 81 124.41053
16 82 190.67493
16 83 175.61104
16 84 146.76634
16 85 139.50124
16 86 173.53287
16 87 154.82336
16 88 153.14592
16 89 203.72903
16 90 177.66162
16 91 213.25658
16 92 167.91116
16 93 125.95925
16 94 141.88892
16 95 201.91838
16 96 180.17865
16 97 162.83174
16 98 207.06862
16 99 141.12508
17 18 158.26727
17 19 176.46994
17 20 129.47289
17 21 125.18983
17 22 192.42896
17 23 178.92081
17 24 185.77844
17 25 153.30678
17 26 118.57991
17 27 182.72545
17 28 182.69409
17 29 166.87199
17 30 152.34796
17 31 122.74695
17 32 186.90378
17 33 155.08974
17 34 132.90779
17 35 162.88911
17 36 194.16068
17 37 141.63429
17 38 141.36351
17 39 163.76976
17 40 138.57771
17 41 188.12119
17 42 163.30464
17 43 132.85669
17 44 146.11719
17 45 203.22235
17 46 143.62923
17 47 174.86423
17 48 156.72311
17 49 169.22899
17 50 137.98837
17 51 175.71758
17 52 181.09897
17 53 193.83388
17 54 165.40758
17 55 152.00838
17 56 129.35973
17 57 202.07982
17 58 148.43501
17 59 176.04187
17 60 134.66010
17 61 154.09497
17 62 213.14027
17 63 145.22926
17 64 136.79907
17 65 180.93712
17 66 138.91464
17 67 158.99445
17 68 164.82120
17 69 147.54655
17 70 185.07350
17 71 152.29648
17 72 165.07101
17 73 182.04704
17 74 147.63707
17 75 138.32018
17 76 191.42674
17 77 187.24734
17 78 177.37984
17 79 185.98460
17 80 177.04175
17 81 189.54619
17 82 136.02655
17 83 169.34084
17 84 195.33115
17 85 150.66512
17 86 189.10918
17 87 185.59413
17 88 153.48164
17 89 126.49429
17 90 176.85477
17 91 166.89894
17 92 199.38631
17 93 129.85840
17 94 158.31577
17 95 169.08943
17 96 159.45592
17 97 118.20789
17 98 169.40186
17 99 140.24042
18 19 100.38934
18 20 144.88768
18 21 182.63084
18 22 173.23555
18 23 154.49390
18 24 166.66003
18 25 177.24109
18 26 162.94945
18 27 171.97392
18 28 142.27417
18 29 140.07539
18 30 206.25423
18 31 174.64995
18 32 166.45822
18 33 160.93855
18 34 148.82782
18 35 189.71330
18 36 169.86693
18 37 121.82200
18 38 159.81265
18 39 172.33348
18 40 119.70291
18 41 157.17317
18 42 143.24252
18 43 154.13307
18 44 157.99562
18 45 179.34920
18 46 172.15422
18 47 187.17839
18 48 152.62817
18 49 119.55844
18 50 140.19141
18 51 128.60664
18 52 139.12535
18 53 139.22496
18 54 150.79869
18 55 160.74222
18 56 186.93599
18 57 177.19476
18 58 181.84641
18 59 144.79407
18 60 147.09683
18 61 149.10237
18 62 169.03105
18 63 134.27992
18 64 154.11217
18 65 142.38283
18 66 159.87990
18 67 159.02835
18 68 164.96167
18 69 156.45929
18 70 154.32422
18 71 141.36192
18 72 171.61536
18 73 167.05954
18 74 129.08510
18 75 160.45715
18 76 178.93167
18 77 158.16281
18 78 164.41710
18 79 175.38458
18 80 164.35829
18 81 172.95653
18 82 140.76779
18 83 166.19545
18 84 150.97733
18 85 179.11429
18 86 162.40436
18 87 196.14395
18 88 162.36166
18 89 151.24785
18 90 169.58109
18 91 130.31718
18 92 176.69958
18 93 174.42572
18 94 129.47951
18 95 123.64981
18 96 180.00336
18 97 124.88452
18 98 107.72223
18 99 187.32326
19 20 163.00821
19 21 156.69740
19 22 168.46939
19 23 184.01810
19 24 179.40388
19 25 211.88419
19 26 172.99614
19 27 189.65088
19 28 129.68201
19 29 132.99879
19 30 181.02852
19 31 174.28430
19 32 141.38501
19 33 172.32442
19 34 166.54236
19 35 186.20061
19 36 159.08534
19 37 157.41090
19 38 171.12178
19 39 183.84453
19 40 139.66618
19 41 181.93697
19 42 139.97780
19 43 176.37769
19 44 159.96753
19 45 167.83168
19 46 167.01793
19 47 181.99574
19 48 144.03282
19 49 120.89599
19 50 165.53000
19 51 136.78908
19 52 152.16791
19 53 162.80815
19 54 162.87839
19 55 147.44753
19 56 171.03549
19 57 172.76955
19 58 157.41602
19 59 142.04889
19 60 149.20441
19 61 167.44096
19 62 169.21172
19 63 159.86942
19 64 151.03339
19 65 135.77531
19 66 192.08902
19 67 150.96536
19 68 206.22557
19 69 185.36058
19 70 153.23065
19 71 144.82808
19 72 187.51459
19 73 202.26277
19 74 179.84476
19 75 181.04456
19 76 158.87636
19 77 162.62508
19 78 185.25677
19 79 195.78075
19 80 145.73245
19 81 151.51021
19 82 179.16051
19 83 145.60306
19 84 150.68193
19 85 178.34650
19 86 150.78456
19 87 173.44292
19 88 159.74434
19 89 153.83360
19 90 185.63887
19 91 138.88086
19 92 199.80701
19 93 188.35847
19 94 140.61522
19 95 138.45419
19 96 192.33632
19 97 168.06610
19 98 127.71353
19 99 182.97020
20 21 158.82671
20 22 196.07533
20 23 166.22153
20 24 175.01376
20 25 176.47932
20 26 158.05553
20 27 180.23239
20 28 183.33112
20 29 157.84700
20 30 169.92911
20 31 126.35291
20 32 182.45026
20 33 187.73004
20 34 150.66183
20 35 192.94260
20 36 178.99806
20 37 102.47150
20 38 190.76099
20 39 159.30972
20 40 121.53522
20 41 179.19122
20 42 191.07144
20 43 137.42754
20 44 144.84462
20 45 216.40334
20 46 173.40852
20 47 160.93857
20 48 134.10197
20 49 201.39192
20 50 161.68115
20 51 133.20303
20 52 198.12282
20 53 204.07233
20 54 194.06770
20 55 129.59641
20 56 139.07536
20 57 159.92911
20 58 167.20653
20 59 199.53491
20 60 147.89438
20 61 145.06900
20 62 191.70169
20 63 148.26782
20 64 124.40195
20 65 156.83005
20 66 110.26299
20 67 139.77397
20 68 157.32799
20 69 160.97618
20 70 173.04469
20 71 162.11781
20 72 154.99750
20 73 171.88350
20 74 170.68593
20 75 180.76479
20 76 177.74416
20 77 195.96399
20 78 179.84224
20 79 208.17473
20 80 155.83369
20 81 190.47290
20 82 128.82581
20 83 182.80388
20 84 189.85059
20 85 166.71414
20 86 197.99553
20 87 164.90092
20 88 184.07228
20 89 170.65656
20 90 163.83998
20 91 120.03230
20 92 139.13165
20 93 163.51152
20 94 173.76808
20 95 164.21942
20 96 205.98242
20 97 114.94659
20 98 182.92448
20 99 175.33537
21 22 186.50102
21 23 200.00000
21 24 192.44173
21 25 178.75529
21 26 152.91418
21 27 177.56752
21 28 149.49355
21 29 184.19917
21 30 93.60374
21 31 154.25528
21 32 156.71780
21 33 172.70135
21 34 168.44627
21 35 127.11061
21 36 163.08316
21 37 172.54210
21 38 147.89700
21 39 173.54843
21 40 170.11516
21 41 158.29913
21 42 154.78294
21 43 148.30423
21 44 168.60861
21 45 181.76880
21 46 138.51141
21 47 159.48221
21 48 153.60233
21 49 169.84111
21 50 155.25735
21 51 183.49869
21 52 178.72606
21 53 218.70743
21 54 172.35875
21 55 151.21873
21 56 123.48439
21 57 147.35780
21 58 116.67181
21 59 163.74823
21 60 127.93202
21 61 151.01382
21 62 178.54109
21 63 189.37451
21 64 127.35365
21 65 187.13371
21 66 166.22661
21 67 138.36983
21 68 189.98808
21 69 182.69904
21 70 173.09535
21 71 140.67096
21 72 175.91747
21 73 207.76132
21 74 189.66927
21 75 158.53561
21 76 149.53629
21 77 159.17241
21 78 193.62817
21 79 188.34677
21 80 149.57477
21 81 139.37796
21 82 170.33675
21 83 158.18707
21 84 162.87865
21 85 151.48323
21 86 175.17523
21 87 174.05753
21 88 177.30206
21 89 157.33176
21 90 175.35207
21 91 153.07764
21 92 181.94981
21 93 112.23896
21 94 182.33864
21 95 179.26656
21 96 160.42169
21 97 155.82851
21 98 176.15216
21 99 121.22720
22 23 223.55792
22 24 156.44627
22 25 177.58945
22 26 163.36517
22 27 187.76289
22 28 111.71718
22 29 151.86888
22 30 201.82283
22 31 179.58707
22 32 188.31255
22 33 132.86760
22 34 171.95215
22 35 214.86018
22 36 136.94724
22 37 213.80803
22 38 167.92697
22 39 152.16827
22 40 157.25987
22 41 201.25580
22 42 145.08052
22 43 185.60081
22 44 173.72787
22 45 88.42430
22 46 140.89967
22 47 209.50302
22 48 170.50218
22 49 180.50505
22 50 180.99554
22 51 181.81654
22 52 146.22649
22 53 223.35368
22 54 176.90125
22 55 128.16550
22 56 203.33087
22 57 179.56223
22 58 180.67696
22 59 123.46596
22 60 133.48596
22 61 175.97427
22 62 141.39735
22 63 178.57390
22 64 183.44572
22 65 165.04405
22 66 195.67699
22 67 185.99507
22 68 183.48340
22 69 169.04091
22 70 197.16563
22 71 169.68823
22 72 159.63536
22 73 170.87579
22 74 188.20079
22 75 190.08653
22 76 204.72107
22 77 187.41760
22 78 199.75725
22 79 206.00647
22 80 162.42197
22 81 144.50272
22 82 201.44647
22 83 168.07382
22 84 173.65523
22 85 159.22749
22 86 160.23878
22 87 140.21965
22 88 112.57886
22 89 174.03552
22 90 199.38336
22 91 179.21611
22 92 177.40637
22 93 183.87683
22 94 119.34021
22 95 181.42604
22 96 209.80144
22 97 170.38318
22 98 185.88574
22 99 157.35274
23 24 221.31061
23 25 205.15816
23 26 192.01115
23 27 149.40404
23 28 186.78218
23 29 216.76857
23 30 184.59750
23 31 165.13249
23 32 142.62003
23 33 173.02927
23 34 174.95303
23 35 220.70264
23 36 210.13199
23 37 135.04567
23 38 192.55171
23 39 196.17076
23 40 151.95625
23 41 165.44562
23 42 199.83159
23 43 143.28589
23 44 195.77942
23 45 234.78442
23 46 210.71358
23 47 141.59927
23 48 215.18909
23 49 178.41267
23 50 160.63115
23 51 163.51096
23 52 192.12460
23 53 180.12987
23 54 186.47044
23 55 203.65244
23 56 179.34431
23 57 189.10664
23 58 184.44400
23 59 222.77499
23 60 175.74428
23 61 164.74710
23 62 202.62967
23 63 181.04544
23 64 185.89867
23 65 157.67764
23 66 147.14093
23 67 185.91528
23 68 219.98262
23 69 170.66980
23 70 218.21382
23 71 175.18449
23 72 175.31787
23 73 212.00986
23 74 145.09467
23 75 168.76614
23 76 218.60759
23 77 196.37730
23 78 130.85196
23 79 178.03819
23 80 167.38394
23 81 176.51082
23 82 191.56458
23 83 166.69432
23 84 174.40276
23 85 219.71716
23 86 214.50345
23 87 220.72482
23 88 199.75810
23 89 207.34895
23 90 200.46027
23 91 167.19362
23 92 177.96481
23 93 164.99454
23 94 186.80219
23 95 171.75774
23 96 190.21863
23 97 156.43622
23 98 202.15915
23 99 218.13474
24 25 185.73831
24 26 135.97655
24 27 193.90031
24 28 167.31441
24 29 164.96887
24 30 199.43776
24 31 160.71718
24 32 176.02216
24 33 174.18059
24 34 187.61871
24 35 184.18056
24 36 143.22173
24 37 188.71303
24 38 168.13594
24 39 180.77014
24 40 167.06689
24 41 157.70514
24 42 187.15042
24 43 180.69646
24 44 177.43768
24 45 194.14937
24 46 167.31851
24 47 201.74065
24 48 129.02721
24 49 165.92093
24 50 158.81845
24 51 209.82944
24 52 190.80002
24 53 191.79839
24 54 193.44850
24 55 106.51666
24 56 218.41354
24 57 185.89987
24 58 181.71555
24 59 144.44296
24 60 156.34361
24 61 186.64734
24 62 201.81818
24 63 165.37440
24 64 178.37688
24 65 157.94626
24 66 195.31494
24 67 173.24092
24 68 169.68797
24 69 156.05994
24 70 196.09903
24 71 149.69781
24 72 155.94995
24 73 120.21758
24 74 186.29630
24 75 176.46176
24 76 191.05722
24 77 170.02393
24 78 215.55534
24 79 204.34335
24 80 161.69594
24 81 165.91013
24 82 171.74489
24 83 184.40237
24 84 164.14293
24 85 171.07399
24 86 167.37195
24 87 148.78130
24 88 172.76021
24 89 200.59554
24 90 183.47687
24 91 196.28416
24 92 187.77446
24 93 158.84776
24 94 123.89550
24 95 177.93321
24 96 228.77638
24 97 184.48383
24 98 193.34412
24 99 167.41882
25 26 151.81807
25 27 134.60938
25 28 189.49811
25 29 213.30675
25 30 196.66246
25 31 159.99695
25 32 192.59233
25 33 188.45314
25 34 169.02386
25 35 194.23082
25 36 161.71323
25 37 168.13066
25 38 145.88329
25 39 114.56905
25 40 175.41571
25 41 167.48924
25 42 185.60767
25 43 150.30861
25 44 192.86920
25 45 181.64113
25 46 156.15442
25 47 210.37453
25 48 203.29961
25 49 197.62595
25 50 131.93510
25 51 191.23674
25 52 141.01663
25 53 211.73882
25 54 199.31204
25 55 178.05359
25 56 193.87955
25 57 166.58755
25 58 207.90739
25 59 191.74968
25 60 155.73521
25 61 195.84059
25 62 182.67409
25 63 148.01949
25 64 176.80031
25 65 205.42690
25 66 135.31111
25 67 163.89113
25 68 164.61545
25 69 141.70770
25 70 222.19751
25 71 179.98967
25 72 143.89197
25 73 159.38269
25 74 187.57451
25 75 133.94409
25 76 198.42992
25 77 203.06630
25 78 191.04129
25 79 215.36734
25 80 184.40199
25 81 179.45758
25 82 150.89015
25 83 216.82263
25 84 203.66818
25 85 161.88988
25 86 191.88725
25 87 182.72934
25 88 201.52296
25 89 195.99672
25 90 167.88310
25 91 188.77553
25 92 201.93904
25 93 186.46419
25 94 172.21376
25 95 212.22276
25 96 191.55428
25 97 150.41219
25 98 192.25278
25 99 169.21480
26 27 150.91634
26 28 162.93275
26 29 137.46675
26 30 179.04747
26 31 100.17484
26 32 166.06938
26 33 138.17526
26 34 113.90814
26 35 172.92133
26 36 162.78140
26 37 149.35228
26 38 126.28527
26 39 137.92723
26 40 166.66782
26 41 169.51936
26 42 148.89330
26 43 117.12472
26 44 157.03029
26 45 181.14262
26 46 140.73145
26 47 156.17445
26 48 158.82979
26 49 140.63834
26 50 140.35469
26 51 159.46129
26 52 160.06654
26 53 172.16483
26 54 145.97096
26 55 132.03255
26 56 167.03094
26 57 171.88736
26 58 153.91426
26 59 129.83133
26 60 127.43986
26 61 171.50558
26 62 166.32968
26 63 123.69465
26 64 141.55774
26 65 171.55775
26 66 136.37581
26 67 120.60349
26 68 143.45255
26 69 118.20697
26 70 189.38382
26 71 151.33763
26 72 133.55823
26 73 106.75954
26 74 172.38052
26 75 139.09404
26 76 138.89787
26 77 189.53096
26 78 140.63196
26 79 169.53517
26 80 162.64067
26 81 140.14383
26 82 132.26115
26 83 129.38815
26 84 166.06261
26 85 137.28455
26 86 151.19019
26 87 154.73979
26 88 135.36230
26 89 163.61362
26 90 149.56554
26 91 194.69751
26 92 196.70824
26 93 133.61296
26 94 125.62527
26 95 155.45956
26 96 146.91724
26 97 149.19632
26 98 202.35298
26 99 131.04959
27 28 171.37451
27 29 208.65358
27 30 182.50204
27 31 157.71078
27 32 130.76140
27 33 158.25490
27 34 126.34898
27 35 214.39217
27 36 135.47334
27 37 147.69417
27 38 169.93428
27 39 126.63295
27 40 169.61034
27 41 151.98019
27 42 154.63680
27 43 124.90815
27 44 171.43492
27 45 181.88527
27 46 169.02760
27 47 156.55244
27 48 202.79868
27 49 175.06677
27 50 120.02511
27 51 158.63451
27 52 131.81464
27 53 196.32939
27 54 163.25621
27 55 170.44537
27 56 177.77327
27 57 136.21684
27 58 204.03079
27 59 175.49747
27 60 176.74313
27 61 187.87943
27 62 149.57076
27 63 166.59738
27 64 169.90536
27 65 172.27507
27 66 108.33136
27 67 163.10901
27 68 190.69264
27 69 134.32779
27 70 236.49956
27 71 168.62254
27 72 149.81467
27 73 163.49997
27 74 178.70555
27 75 121.24207
27 76 169.16034
27 77 200.52391
27 78 151.62935
27 79 200.85596
27 80 153.43542
27 81 142.55260
27 82 169.59355
27 83 179.44186
27 84 162.71452
27 85 173.67744
27 86 158.15860
27 87 174.65573
27 88 186.19244
27 89 214.17946
27 90 153.87143
27 91 192.58202
27 92 182.02367
27 93 178.89824
27 94 171.55899
27 95 177.30132
27 96 170.07231
27 97 145.74300
27 98 200.77310
27 99 182.47495
28 29 163.13211
28 30 158.76566
28 31 179.03897
28 32 174.59593
28 33 121.11161
28 34 170.63266
28 35 203.10788
28 36 118.91042
28 37 193.84148
28 38 151.76112
28 39 155.31357
28 40 141.21492
28 41 166.97141
28 42 128.51936
28 43 162.91191
28 44 178.49940
28 45 111.76237
28 46 136.84677
28 47 193.41193
28 48 145.18712
28 49 158.30676
28 50 154.10553
28 51 156.12701
28 52 139.42632
28 53 197.50363
28 54 152.13074
28 55 150.05083
28 56 158.64420
28 57 152.30099
28 58 143.19809
28 59 130.63454
28 60 122.26424
28 61 142.98566
28 62 134.80861
28 63 189.63293
28 64 162.10493
28 65 162.40631
28 66 185.67267
28 67 138.57547
28 68 177.56270
28 69 192.38048
28 70 161.15723
28 71 152.13921
28 72 152.37315
28 73 185.15494
28 74 169.86484
28 75 182.21288
28 76 183.20903
28 77 158.53607
28 78 171.06282
28 79 178.79320
28 80 153.46861
28 81 113.81058
28 82 173.73451
28 83 154.73323
28 84 119.30134
28 85 176.61378
28 86 178.00543
28 87 163.74193
28 88 138.08612
28 89 179.68628
28 90 159.97897
28 91 170.99944
28 92 165.73695
28 93 145.59915
28 94 138.41823
28 95 148.92336
28 96 187.83426
28 97 156.32394
28 98 168.00299
28 99 148.91586
29 30 200.56940
29 31 153.20023
29 32 186.69977
29 33 176.46693
29 34 142.02992
29 35 193.95995
29 36 200.77493
29 37 153.97163
29 38 192.54953
29 39 177.08972
29 40 144.80138
29 41 194.07271
29 42 170.31781
29 43 182.91937
29 44 126.43826
29 45 176.57304
29 46 188.16339
29 47 202.38974
29 48 158.91440
29 49 146.23260
29 50 191.46761
29 51 131.34956
29 52 175.10432
29 53 189.17502
29 54 156.33743
29 55 134.15640
29 56 190.29578
29 57 196.52455
29 58 164.66699
29 59 119.67819
29 60 149.26895
29 61 172.99434
29 62 168.38358
29 63 136.61806
29 64 172.82985
29 65 173.92126
29 66 178.36929
29 67 161.74548
29 68 158.71207
29 69 179.16463
29 70 166.19427
29 71 163.46713
29 72 181.69408
29 73 178.43649
29 74 209.20705
29 75 201.67816
29 76 151.27164
29 77 195.04735
29 78 172.28256
29 79 187.50192
29 80 165.87105
29 81 158.11281
29 82 176.45680
29 83 127.73505
29 84 180.53851
29 85 160.47903
29 86 165.82761
29 87 173.42195
29 88 138.11183
29 89 159.24150
29 90 167.51099
29 91 161.62982
29 92 197.08708
29 93 183.59961
29 94 125.50937
29 95 150.01561
29 96 165.56694
29 97 156.75983
29 98 171.67720
29 99 182.24138
30 31 146.55417
30 32 161.86014
30 33 183.30573
30 34 191.08423
30 35 170.74142
30 36 175.67004
30 37 189.27145
30 38 179.76952
30 39 175.20010
30 40 160.52956
30 41 153.76161
30 42 195.68645
30 43 171.33546
30 44 174.17062
30 45 201.68448
30 46 162.95052
30 47 177.63794
30 48 162.30182
30 49 192.05811
30 50 162.37111
30 51 193.12303
30 52 194.44882
30 53 227.70273
30 54 189.06204
30 55 158.60355
30 56 118.50026
30 57 159.60826
30 58 118.09502
30 59 196.55849
30 60 142.48401
30 61 163.23825
30 62 202.00131
30 63 212.19067
30 64 168.84450
30 65 201.15546
30 66 177.26588
30 67 154.86920
30 68 207.03514
30 69 205.43466
30 70 187.96510
30 71 167.33124
30 72 175.41728
30 73 235.04684
30 74 212.09001
30 75 168.73653
30 76 184.81281
30 77 178.17787
30 78 197.59280
30 79 193.29851
30 80 157.22717
30 81 140.94252
30 82 189.47226
30 83 162.42990
30 84 160.93697
30 85 183.62299
30 86 217.47079
30 87 174.99335
30 88 204.75253
30 89 199.06976
30 90 161.59869
30 91 176.84842
30 92 194.87843
30 93 121.65635
30 94 190.76714
30 95 189.67802
30 96 173.50597
30 97 165.23523
30 98 197.18526
30 99 163.96439
31 32 156.23004
31 33 165.55684
31 34 146.45987
31 35 180.91850
31 36 176.98920
31 37 147.50974
31 38 163.20917
31 39 120.59334
31 40 159.62701
31 41 174.81334
31 42 182.07689
31 43 136.35295
31 44 168.79300
31 45 193.59187
31 46 153.20096
31 47 143.00169
31 48 158.34267
31 49 173.48570
31 50 164.33530
31 51 151.53638
31 52 168.38554
31 53 181.58983
31 54 169.69453
31 55 130.45967
31 56 151.37445
31 57 157.05447
31 58 147.48672
31 59 173.97562
31 60 127.46877
31 61 180.28430
31 62 172.23300
31 63 148.55099
31 64 132.39919
31 65 180.02133
31 66 124.54397
31 67 120.60242
31 68 160.19598
31 69 130.29349
31 70 188.52097
31 71 181.10045
31 72 146.78441
31 73 149.69521
31 74 183.45302
31 75 136.85150
31 76 149.43842
31 77 184.76419
31 78 146.92255
31 79 164.77638
31 80 155.38916
31 81 154.91168
31 82 135.05145
31 83 117.23062
31 84 171.62958
31 85 169.15475
31 86 191.65080
31 87 135.28429
31 88 176.58916
31 89 178.13901
31 90 144.63292
31 91 170.22069
31 92 179.53462
31 93 145.72287
31 94 140.82936
31 95 164.42645
31 96 167.37538
31 97 142.93391
31 98 205.07668
31 99 163.64427
32 33 177.83281
32 34 169.32051
32 35 172.41220
32 36 166.62776
32 37 151.57858
32 38 180.48662
32 39 177.50771
32 40 170.21626
32 41 146.02548
32 42 170.65620
32 43 159.36281
32 44 177.01550
32 45 193.52736
32 46 190.42662
32 47 139.66129
32 48 189.64232
32 49 147.27296
32 50 152.82513
32 51 176.13971
32 52 160.13548
32 53 178.01028
32 54 174.22630
32 55 154.18190
32 56 180.28206
32 57 156.75238
32 58 152.83633
32 59 172.29279
32 60 174.35356
32 61 185.09032
32 62 183.06543
32 63 163.48094
32 64 174.32402
32 65 129.09445
32 66 169.16040
32 67 172.68521
32 68 222.59711
32 69 150.34412
32 70 212.58093
32 71 129.07307
32 72 176.21744
32 73 196.14299
32 74 183.03365
32 75 146.95941
32 76 162.06071
32 77 153.46539
32 78 161.30779
32 79 186.25740
32 80 97.85461
32 81 121.45897
32 82 209.33014
32 83 138.40048
32 84 149.78406
32 85 173.36125
32 86 132.65564
32 87 164.95193
32 88 177.01608
32 89 192.49890
32 90 204.47121
32 91 164.76959
32 92 181.97986
32 93 167.89635
32 94 150.63040
32 95 184.63503
32 96 188.13342
32 97 185.42708
32 98 176.39651
32 99 184.81404
33 34 137.95607
33 35 228.58183
33 36 141.43346
33 37 193.21109
33 38 157.86433
33 39 166.64807
33 40 147.48528
33 41 189.30951
33 42 111.64281
33 43 133.70007
33 44 168.02554
33 45 132.43097
33 46 128.51807
33 47 177.09627
33 48 156.61830
33 49 150.30721
33 50 124.17799
33 51 173.34196
33 52 136.99606
33 53 181.42444
33 54 161.42758
33 55 148.33626
33 56 162.57019
33 57 177.36092
33 58 165.85690
33 59 142.65108
33 60 142.84668
33 61 127.48287
33 62 169.91251
33 63 185.56018
33 64 186.61588
33 65 158.00677
33 66 180.11084
33 67 183.81345
33 68 166.57867
33 69 152.49954
33 70 189.44455
33 71 146.95200
33 72 129.52655
33 73 158.37854
33 74 137.54390
33 75 133.14195
33 76 213.09775
33 77 204.72499
33 78 160.48238
33 79 172.24692
33 80 184.17528
33 81 156.13358
33 82 160.68578
33 83 153.08905
33 84 136.51335
33 85 136.78835
33 86 147.68726
33 87 156.30858
33 88 118.70985
33 89 161.43420
33 90 195.26575
33 91 204.58707
33 92 187.89325
33 93 144.09264
33 94 135.90912
33 95 130.34482
33 96 169.57399
33 97 131.67514
33 98 179.99864
33 99 151.77402
34 35 214.59926
34 36 161.93808
34 37 126.18060
34 38 150.64836
34 39 145.30954
34 40 130.31570
34 41 182.07375
34 42 125.17454
34 43 112.29696
34 44 114.19451
34 45 186.93820
34 46 143.90662
34 47 151.83430
34 48 168.95816
34 49 150.12875
34 50 139.08400
34 51 124.44082
34 52 153.46434
34 53 178.82779
34 54 112.64662
34 55 138.62851
34 56 151.22238
34 57 177.01981
34 58 189.81618
34 59 138.27307
34 60 157.46086
34 61 165.41858
34 62 159.03748
34 63 129.51007
34 64 156.69525
34 65 165.39867
34 66 103.07159
34 67 161.03026
34 68 175.73204
34 69 115.13857
34 70 197.28896
34 71 153.50058
34 72 160.30016
34 73 162.18867
34 74 155.67134
34 75 151.03067
34 76 160.31143
34 77 214.31448
34 78 154.07840
34 79 199.82916
34 80 161.23233
34 81 159.70416
34 82 155.28563
34 83 154.40311
34 84 174.88539
34 85 144.50716
34 86 145.82939
34 87 174.04848
34 88 120.83310
34 89 157.08595
34 90 147.91846
34 91 177.81647
34 92 195.98456
34 93 168.82616
34 94 142.34081
34 95 134.15656
34 96 131.67792
34 97 107.98270
34 98 179.35880
34 99 157.85178
35 36 219.21776
35 37 178.53207
35 38 164.80928
35 39 225.85165
35 40 207.30984
35 41 175.55733
35 42 199.89348
35 43 188.15649
35 44 189.54482
35 45 232.79099
35 46 195.85904
35 47 183.55370
35 48 202.97256
35 49 168.84367
35 50 199.16887
35 51 234.07027
35 52 219.39745
35 53 231.71884
35 54 208.77454
35 55 192.64426
35 56 224.91289
35 57 200.95610
35 58 178.94489
35 59 170.21011
35 60 159.47258
35 61 196.16441
35 62 206.14279
35 63 180.54938
35 64 142.69728
35 65 211.10574
35 66 198.73160
35 67 180.45987
35 68 204.35655
35 69 203.86678
35 70 218.96294
35 71 167.99622
35 72 210.35962
35 73 203.62540
35 74 219.29083
35 75 190.13008
35 76 156.60551
35 77 156.64977
35 78 226.38118
35 79 188.60349
35 80 174.75450
35 81 177.72433
35 82 197.42560
35 83 184.19447
35 84 216.75133
35 85 201.77823
35 86 203.97125
35 87 217.41078
35 88 217.11282
35 89 170.88037
35 90 208.60347
35 91 150.42700
35 92 206.61160
35 93 144.26964
35 94 206.24719
35 95 210.85585
35 96 198.76733
35 97 202.77217
35 98 207.54684
35 99 156.74696
36 37 198.96423
36 38 155.83443
36 39 139.60771
36 40 159.58522
36 41 169.21461
36 42 134.24806
36 43 156.84468
36 44 177.01852
36 45 139.06563
36 46 113.56043
36 47 185.35054
36 48 135.76419
36 49 177.22160
36 50 128.91985
36 51 179.94461
36 52 143.45784
36 53 209.06285
36 54 182.13623
36 55 116.95547
36 56 176.43382
36 57 130.32648
36 58 193.41533
36 59 151.30353
36 60 150.21158
36 61 176.85838
36 62 151.13435
36 63 193.97740
36 64 160.52997
36 65 155.78337
36 66 172.44093
36 67 159.17259
36 68 195.27554
36 69 159.99646
36 70 201.59950
36 71 162.28174
36 72 144.78873
36 73 156.56615
36 74 181.74268
36 75 154.53737
36 76 187.05411
36 77 193.00038
36 78 212.93640
36 79 227.43318
36 80 161.48575
36 81 147.51205
36 82 168.51373
36 83 196.51506
36 84 145.31097
36 85 160.87105
36 86 151.05220
36 87 130.07732
36 88 168.18102
36 89 203.73451
36 90 166.51021
36 91 192.23717
36 92 185.12648
36 93 179.88370
36 94 154.22235
36 95 164.93581
36 96 217.52257
36 97 162.20950
36 98 184.67279
36 99 157.42126
37 38 172.62900
37 39 174.90489
37 40 122.95908
37 41 156.34431
37 42 178.80850
37 43 112.66256
37 44 134.39288
37 45 232.71788
37 46 191.98705
37 47 147.34950
37 48 174.24907
37 49 162.08813
37 50 148.32208
37 51 128.78506
37 52 181.14282
37 53 163.82971
37 54 164.29439
37 55 168.93280
37 56 164.11844
37 57 169.50122
37 58 180.80301
37 59 184.16818
37 60 168.12169
37 61 146.69742
37 62 185.17422
37 63 96.94606
37 64 152.06705
37 65 160.72543
37 66 93.98869
37 67 142.92387
37 68 162.25757
37 69 148.72536
37 70 182.51166
37 71 135.46973
37 72 153.86082
37 73 171.53976
37 74 164.93576
37 75 168.89697
37 76 153.15614
37 77 192.98026
37 78 146.40704
37 79 183.17877
37 80 139.96754
37 81 169.01254
37 82 140.19533
37 83 172.34782
37 84 183.62793
37 85 167.14078
37 86 180.18124
37 87 193.67636
37 88 185.36407
37 89 162.15181
37 90 156.46855
37 91 123.62682
37 92 162.97110
37 93 164.34409
37 94 173.83792
37 95 152.95468
37 96 165.77463
37 97 120.51831
37 98 175.79289
37 99 176.77164
38 39 174.73157
38 40 158.01711
38 41 166.85297
38 42 133.74461
38 43 114.40759
38 44 183.79289
38 45 195.96886
38 46 96.64485
38 47 153.08946
38 48 170.73834
38 49 129.13300
38 50 149.65883
38 51 195.03616
38 52 164.51993
38 53 162.16426
38 54 145.16547
38 55 170.80249
38 56 184.50710
38 57 178.46602
38 58 180.81252
38 59 143.63538
38 60 118.41042
38 61 162.93925
38 62 167.61514
38 63 136.47409
38 64 158.30130
38 65 190.81917
38 66 164.49971
38 67 140.93362
38 68 192.56158
38 69 136.79350
38 70 170.70163
38 71 146.51869
38 72 145.11017
38 73 160.61757
38 74 149.01585
38 75 156.98491
38 76 170.60292
38 77 188.89049
38 78 188.69324
38 79 178.14827
38 80 169.03993
38 81 144.40479
38 82 156.51283
38 83 171.92241
38 84 172.49614
38 85 165.67494
38 86 182.19804
38 87 181.05959
38 88 159.74532
38 89 139.70639
38 90 167.20624
38 91 173.83936
38 92 216.96733
38 93 136.19504
38 94 158.48328
38 95 151.99605
38 96 157.46519
38 97 159.00116
38 98 191.44923
38 99 109.07909
39 40 166.37799
39 41 169.14822
39 42 172.68892
39 43 160.22058
39 44 191.73746
39 45 138.82986
39 46 152.56664
39 47 199.57013
39 48 175.15941
39 49 200.86163
39 50 153.82233
39 51 136.11121
39 52 113.70235
39 53 201.63828
39 54 161.43121
39 55 142.92763
39 56 152.67683
39 57 135.86281
39 58 173.24684
39 59 174.49611
39 60 149.84149
39 61 200.20267
39 62 148.50417
39 63 168.84480
39 64 165.24203
39 65 193.41127
39 66 124.59876
39 67 131.42383
39 68 160.86174
39 69 135.52365
39 70 196.53929
39 71 191.58670
39 72 157.26521
39 73 164.73911
39 74 186.72914
39 75 142.29642
39 76 172.89841
39 77 182.92987
39 78 156.57512
39 79 200.70917
39 80 160.17700
39 81 150.92639
39 82 152.25348
39 83 167.09265
39 84 159.67418
39 85 168.79411
39 86 183.77193
39 87 144.64944
39 88 175.67357
39 89 209.40263
39 90 134.53271
39 91 191.81081
39 92 175.08017
39 93 185.16386
39 94 130.06006
39 95 192.21872
39 96 179.98717
39 97 139.61087
39 98 181.86154
39 99 180.40245
40 41 169.24095
40 42 151.81648
40 43 136.64580
40 44 106.68041
40 45 188.02283
40 46 144.90726
40 47 179.98872
40 48 123.25258
40 49 160.30159
40 50 134.20667
40 51 144.85080
40 52 163.11639
40 53 166.65051
40 54 147.95836
40 55 131.75220
40 56 137.54230
40 57 183.01558
40 58 165.71236
40 59 162.18900
40 60 146.80922
40 61 117.98100
40 62 188.62659
40 63 128.74246
40 64 173.86731
40 65 148.16628
40 66 140.56839
40 67 164.34039
40 68 170.45041
40 69 162.31204
40 70 154.02455
40 71 123.90356
40 72 138.63818
40 73 193.02324
40 74 143.23601
40 75 170.37932
40 76 201.10928
40 77 187.86349
40 78 182.63185
40 79 189.36005
40 80 136.37823
40 81 161.16846
40 82 153.77420
40 83 177.09898
40 84 159.67786
40 85 157.86401
40 86 186.96484
40 87 158.78061
40 88 144.62589
40 89 138.68860
40 90 151.81920
40 91 131.89096
40 92 168.58394
40 93 156.49965
40 94 139.03687
40 95 127.67163
40 96 180.57506
40 97 97.89544
40 98 141.13010
40 99 158.42584
41 42 201.15668
41 43 158.18806
41 44 193.57335
41 45 207.44754
41 46 190.44955
41 47 177.73363
41 48 182.91611
41 49 153.55388
41 50 133.87343
41 51 169.23338
41 52 168.68750
41 53 182.51184
41 54 177.80782
41 55 163.93919
41 56 185.41356
41 57 131.58583
41 58 154.88194
41 59 181.20854
41 60 144.41830
41 61 163.20581
41 62 179.66139
41 63 179.70140
41 64 191.15984
41 65 175.21199
41 66 163.48967
41 67 156.36182
41 68 183.11482
41 69 158.94193
41 70 175.65724
41 71 139.00415
41 72 160.48503
41 73 183.82851
41 74 180.14500
41 75 159.51050
41 76 174.44218
41 77 159.20728
41 78 160.23434
41 79 184.26718
41 80 155.21028
41 81 124.98903
41 82 179.97588
41 83 168.74374
41 84 127.47032
41 85 173.86327
41 86 177.44682
41 87 203.67125
41 88 206.68164
41 89 221.84241
41 90 160.79056
41 91 173.23311
41 92 178.11819
41 93 132.76044
41 94 158.43317
41 95 181.53331
41 96 159.61412
41 97 162.14819
41 98 169.86319
41 99 192.27147
42 43 129.88304
42 44 160.68028
42 45 140.57991
42 46 102.10360
42 47 166.45091
42 48 146.22656
42 49 133.54237
42 50 154.08582
42 51 177.70267
42 52 117.24489
42 53 161.97437
42 54 120.87944
42 55 161.53476
42 56 176.63232
42 57 167.01683
42 58 191.59601
42 59 97.18401
42 60 164.13972
42 61 147.46710
42 62 140.06914
42 63 164.56812
42 64 161.48389
42 65 184.67023
42 66 171.96951
42 67 170.57018
42 68 173.76817
42 69 152.87093
42 70 175.27126
42 71 141.30638
42 72 164.14891
42 73 166.54707
42 74 144.00742
42 75 139.98665
42 76 163.94102
42 77 183.60474
42 78 195.52982
42 79 165.00810
42 80 162.74719
42 81 155.02711
42 82 152.48805
42 83 161.88339
42 84 143.08423
42 85 149.49562
42 86 137.91780
42 87 149.29370
42 88 138.58293
42 89 117.30800
42 90 178.75180
42 91 172.35640
42 92 187.97437
42 93 163.11926
42 94 151.70163
42 95 109.71632
42 96 164.37256
42 97 131.10437
42 98 157.56920
42 99 116.72177
43 44 157.68181
43 45 203.44539
43 46 122.52816
43 47 104.70461
43 48 158.11754
43 49 149.92464
43 50 126.46249
43 51 153.23997
43 52 157.99059
43 53 151.56146
43 54 149.69485
43 55 162.50269
43 56 147.04950
43 57 137.08624
43 58 172.30902
43 59 164.20084
43 60 138.76656
43 61 111.55135
43 62 153.27092
43 63 122.94773
43 64 151.65495
43 65 174.00160
43 66 102.20411
43 67 125.33103
43 68 150.62691
43 69 120.63662
43 70 168.27980
43 71 127.06373
43 72 97.67281
43 73 136.66116
43 74 138.67360
43 75 134.97476
43 76 153.13525
43 77 206.00648
43 78 141.89102
43 79 157.65567
43 80 151.61951
43 81 141.31462
43 82 114.37078
43 83 158.83409
43 84 152.90193
43 85 132.49959
43 86 166.29886
43 87 157.82974
43 88 165.72496
43 89 143.88551
43 90 152.65695
43 91 156.47824
43 92 165.28021
43 93 123.78976
43 94 171.87514
43 95 121.91599
43 96 141.09146
43 97 109.00245
43 98 198.67262
43 99 116.33359
44 45 202.87253
44 46 169.52275
44 47 186.16554
44 48 159.53743
44 49 158.76497
44 50 147.64479
44 51 163.12415
44 52 191.39185
44 53 216.13493
44 54 172.44322
44 55 130.11375
44 56 174.63518
44 57 201.73380
44 58 196.57167
44 59 146.60031
44 60 162.80554
44 61 156.00432
44 62 191.57971
44 63 142.34354
44 64 165.07127
44 65 161.02000
44 66 149.10728
44 67 190.99585
44 68 183.46935
44 69 179.67363
44 70 212.58342
44 71 149.41913
44 72 165.88611
44 73 193.19493
44 74 202.55188
44 75 179.66818
44 76 182.35674
44 77 223.52034
44 78 205.72888
44 79 221.23863
44 80 167.48944
44 81 176.98622
44 82 176.50580
44 83 182.75005
44 84 204.94804
44 85 152.22647
44 86 168.85909
44 87 177.49529
44 88 149.34810
44 89 154.74472
44 90 164.12471
44 91 157.27396
44 92 205.32091
44 93 178.81569
44 94 171.34760
44 95 149.00154
44 96 174.47458
44 97 130.03700
44 98 181.73674
44 99 170.32861
45 46 157.89334
45 47 234.36391
45 48 184.85770
45 49 190.95076
45 50 177.23103
45 51 180.71568
45 52 109.50572
45 53 229.60948
45 54 186.06081
45 55 158.87506
45 56 195.76601
45 57 169.41373
45 58 180.74046
45 59 140.36757
45 60 159.16832
45 61 191.22067
45 62 145.61716
45 63 213.43010
45 64 195.56729
45 65 189.98065
45 66 211.20853
45 67 191.90533
45 68 184.69765
45 69 190.44554
45 70 205.13121
45 71 187.95158
45 72 182.29805
45 73 194.31567
45 74 201.47733
45 75 172.20821
45 76 208.81102
45 77 184.81036
45 78 198.49933
45 79 207.32948
45 80 185.60292
45 81 156.94228
45 82 201.10672
45 83 174.99725
45 84 159.34489
45 85 165.90871
45 86 158.14293
45 87 156.65602
45 88 149.58008
45 89 196.28729
45 90 206.23975
45 91 205.42393
45 92 191.04112
45 93 200.34117
45 94 137.49049
45 95 193.65129
45 96 206.89386
45 97 175.89246
45 98 170.50269
45 99 181.61110
46 47 160.37299
46 48 125.33015
46 49 157.85005
46 50 149.79703
46 51 189.69746
46 52 145.17093
46 53 179.16658
46 54 151.87152
46 55 136.18745
46 56 160.23767
46 57 154.04305
46 58 183.07674
46 59 135.77199
46 60 124.85539
46 61 149.26726
46 62 153.66354
46 63 168.48891
46 64 153.16614
46 65 194.35336
46 66 165.27469
46 67 151.33696
46 68 177.35197
46 69 141.11246
46 70 161.68054
46 71 157.45602
46 72 137.46538
46 73 161.61606
46 74 154.93619
46 75 141.11003
46 76 177.47807
46 77 199.23598
46 78 212.68736
46 79 186.27724
46 80 171.95647
46 81 157.47815
46 82 138.82880
46 83 174.64137
46 84 158.06941
46 85 143.88052
46 86 174.27966
46 87 124.53212
46 88 156.97606
46 89 132.08536
46 90 161.39809
46 91 172.79622
46 92 198.25592
46 93 148.18495
46 94 156.29929
46 95 130.37755
46 96 174.60980
46 97 131.11940
46 98 181.33556
46 99 98.10539
47 48 191.79439
47 49 163.63806
47 50 185.97688
47 51 175.14143
47 52 204.22148
47 53 186.55341
47 54 174.09711
47 55 171.91827
47 56 185.10042
47 57 151.12192
47 58 187.15822
47 59 186.53490
47 60 152.76602
47 61 164.84363
47 62 159.76082
47 63 171.08141
47 64 143.43178
47 65 172.83498
47 66 138.92136
47 67 158.59966
47 68 218.15495
47 69 138.29677
47 70 202.53619
47 71 169.03902
47 72 166.92461
47 73 176.39174
47 74 169.90205
47 75 172.72171
47 76 151.06232
47 77 209.79591
47 78 167.36620
47 79 179.59352
47 80 155.80881
47 81 154.67564
47 82 180.75511
47 83 139.64093
47 84 179.39406
47 85 187.20543
47 86 182.13258
47 87 178.32283
47 88 187.99152
47 89 177.22020
47 90 194.38832
47 91 152.41652
47 92 179.59619
47 93 147.78587
47 94 195.24434
47 95 149.79282
47 96 172.43968
47 97 166.12987
47 98 231.13779
47 99 161.98268
48 49 175.73376
48 50 159.14018
48 51 183.32069
48 52 174.23978
48 53 170.27591
48 54 167.62453
48 55 109.68367
48 56 148.03400
48 57 165.69405
48 58 157.47812
48 59 151.07076
48 60 160.94966
48 61 137.51274
48 62 197.61070
48 63 174.63409
48 64 165.60808
48 65 178.52657
48 66 182.63103
48 67 151.13618
48 68 154.51581
48 69 175.63510
48 70 129.31923
48 71 136.34415
48 72 154.73605
48 73 170.50224
48 74 165.67688
48 75 170.70230
48 76 182.70522
48 77 173.38850
48 78 221.92970
48 79 187.69025
48 80 153.70631
48 81 174.32372
48 82 131.82201
48 83 181.48410
48 84 134.97887
48 85 153.66350
48 86 182.38464
48 87 118.10222
48 88 175.19284
48 89 152.57344
48 90 161.98631
48 91 166.77386
48 92 167.95082
48 93 148.88591
48 94 146.20105
48 95 128.75690
48 96 211.67392
48 97 134.74229
48 98 155.17557
48 99 136.70116
49 50 143.18079
49 51 170.09554
49 52 149.62463
49 53 130.93694
49 54 149.63390
49 55 167.31703
49 56 207.26802
49 57 183.80307
49 58 179.90244
49 59 114.92110
49 60 138.39279
49 61 160.44060
49 62 168.56262
49 63 145.45619
49 64 178.41687
49 65 163.46872
49 66 192.97127
49 67 172.16043
49 68 193.52324
49 69 154.35107
49 70 171.31865
49 71 136.87216
49 72 167.05969
49 73 170.06526
49 74 169.25790
49 75 146.05832
49 76 157.84810
49 77 187.38620
49 78 170.95410
49 79 162.99535
49 80 177.87975
49 81 143.31416
49 82 171.23897
49 83 130.48276
49 84 150.14952
49 85 162.14139
49 86 137.82376
49 87 194.13486
49 88 163.21603
49 89 149.95218
49 90 182.55942
49 91 173.83607
49 92 230.52449
49 93 160.23434
49 94 141.06172
49 95 114.21858
49 96 134.27715
49 97 164.49541
49 98 155.85956
49 99 172.04797
50 51 166.61491
50 52 140.77997
50 53 179.11694
50 54 184.21275
50 55 144.28908
50 56 152.75304
50 57 161.75105
50 58 170.60873
50 59 172.87338
50 60 145.45923
50 61 140.36087
50 62 196.16685
50 63 158.45158
50 64 176.72710
50 65 139.99605
50 66 151.23889
50 67 168.21516
50 68 169.19719
50 69 145.99139
50 70 199.37155
50 71 122.97295
50 72 117.59264
50 73 159.66042
50 74 154.32985
50 75 104.83959
50 76 203.00400
50 77 198.98065
50 78 167.14996
50 79 205.99286
50 80 173.66397
50 81 159.42128
50 82 143.64812
50 83 190.76654
50 84 152.36115
50 85 126.76295
50 86 142.04773
50 87 178.20277
50 88 167.51869
50 89 183.93758
50 90 171.30717
50 91 191.90112
50 92 201.76581
50 93 152.06786
50 94 152.46043
50 95 159.13171
50 96 170.52191
50 97 128.40259
50 98 155.81458
50 99 169.80128
51 52 156.33788
51 53 188.32796
51 54 161.02145
51 55 156.89143
51 56 150.32744
51 57 148.20363
51 58 170.88635
51 59 180.08237
51 60 144.58992
51 61 169.62675
51 62 143.13089
51 63 158.60912
51 64 163.13553
51 65 159.49648
51 66 128.50961
51 67 134.20456
51 68 180.87704
51 69 163.05864
51 70 169.74197
51 71 181.24089
51 72 170.90158
51 73 190.56126
51 74 187.90704
51 75 189.24979
51 76 161.15628
51 77 210.86044
51 78 118.64929
51 79 207.64569
51 80 170.68791
51 81 154.59238
51 82 165.08839
51 83 143.07277
51 84 164.03822
51 85 174.65599
51 86 175.64803
51 87 193.21199
51 88 163.95154
51 89 200.71167
51 90 151.34816
51 91 158.65338
51 92 181.05212
51 93 194.85066
51 94 151.78197
51 95 154.18713
51 96 156.54506
51 97 134.24612
51 98 174.64534
51 99 210.56874
52 53 151.00458
52 54 144.26450
52 55 170.92699
52 56 180.28566
52 57 142.13783
52 58 183.11610
52 59 136.06573
52 60 166.77277
52 61 173.09889
52 62 139.85301
52 63 165.06624
52 64 194.22568
52 65 194.57097
52 66 169.56172
52 67 164.65344
52 68 156.53099
52 69 145.56149
52 70 174.92070
52 71 159.20291
52 72 156.90985
52 73 172.35895
52 74 165.41605
52 75 110.80087
52 76 174.66620
52 77 170.17761
52 78 165.00517
52 79 160.21635
52 80 163.00859
52 81 143.79672
52 82 153.81122
52 83 159.66322
52 84 123.29858
52 85 150.92473
52 86 146.23589
52 87 149.77141
52 88 174.90199
52 89 171.94862
52 90 166.20457
52 91 185.82623
52 92 188.09032
52 93 186.19736
52 94 125.60645
52 95 153.47548
52 96 158.19870
52 97 135.00658
52 98 132.04712
52 99 171.31705
53 54 150.14978
53 55 204.73006
53 56 206.88892
53 57 196.11171
53 58 198.06750
53 59 175.74040
53 60 199.46651
53 61 172.74457
53 62 208.25464
53 63 144.78154
53 64 226.11412
53 65 210.79977
53 66 197.87082
53 67 174.49146
53 68 185.89110
53 69 155.61121
53 70 141.14069
53 71 153.01474
53 72 173.65540
53 73 184.15794
53 74 150.94731
53 75 159.71533
53 76 188.92165
53 77 194.84357
53 78 179.21103
53 79 139.44853
53 80 177.36780
53 81 179.86349
53 82 157.58453
53 83 166.22507
53 84 136.83609
53 85 189.18324
53 86 191.36131
53 87 186.92325
53 88 210.30264
53 89 164.49609
53 90 191.68126
53 91 197.50810
53 92 222.04308
53 93 185.94540
53 94 153.62843
53 95 126.62672
53 96 174.41315
53 97 165.90315
53 98 164.12714
53 99 188.88826
54 55 173.80453
54 56 167.91705
54 57 188.40427
54 58 176.38901
54 59 119.10526
54 60 176.62390
54 61 182.11047
54 62 160.33527
54 63 156.17494
54 64 180.66089
54 65 206.73566
54 66 152.51945
54 67 158.75339
54 68 187.52925
54 69 147.19650
54 70 166.90926
54 71 159.01923
54 72 197.94974
54 73 195.76758
54 74 145.79849
54 75 172.12233
54 76 156.01332
54 77 159.73997
54 78 169.15485
54 79 152.36905
54 80 143.42520
54 81 142.71069
54 82 177.32433
54 83 138.98412
54 84 137.87833
54 85 192.98109
54 86 184.72658
54 87 184.90839
54 88 145.22105
54 89 157.90636
54 90 142.61470
54 91 181.54657
54 92 190.53575
54 93 153.80711
54 94 130.24239
54 95 136.81778
54 96 134.67784
54 97 137.89055
54 98 162.64601
54 99 151.14716
55 56 159.06299
55 57 156.46877
55 58 154.06273
55 59 141.48515
55 60 127.66005
55 61 167.07652
55 62 175.07489
55 63 162.84137
55 64 146.32591
55 65 124.00832
55 66 159.21082
55 67 161.84538
55 68 178.86313
55 69 133.54173
55 70 181.13029
55 71 143.82446
55 72 152.38957
55 73 152.75789
55 74 178.03455
55 75 162.01833
55 76 176.05710
55 77 180.79750
55 78 197.59705
55 79 217.93536
55 80 139.56439
55 81 152.30641
55 82 170.30447
55 83 156.21400
55 84 160.19585
55 85 133.39386
55 86 136.16367
55 87 115.46947
55 88 130.31203
55 89 176.32756
55 90 172.12323
55 91 164.20554
55 92 172.27133
55 93 160.85495
55 94 110.85235
55 95 161.25397
55 96 200.28178
55 97 145.72874
55 98 167.89709
55 99 159.71469
56 57 170.64830
56 58 115.64394
56 59 207.83849
56 60 164.22546
56 61 150.06453
56 62 210.66905
56 63 189.74539
56 64 176.51828
56 65 186.58879
56 66 151.63683
56 67 141.15344
56 68 194.19592
56 69 187.07336
56 70 164.87473
56 71 155.45187
56 72 167.80418
56 73 229.13368
56 74 178.80121
56 75 175.47591
56 76 198.26779
56 77 198.10167
56 78 169.57668
56 79 207.78760
56 80 154.25989
56 81 162.76971
56 82 170.41777
56 83 175.02332
56 84 158.21185
56 85 160.88765
56 86 203.35606
56 87 173.52635
56 88 172.25641
56 89 182.12383
56 90 170.00876
56 91 187.04597
56 92 185.18700
56 93 150.27655
56 94 176.29555
56 95 181.60818
56 96 175.63707
56 97 137.22916
56 98 179.80327
56 99 163.51662
57 58 172.53416
57 59 176.70020
57 60 145.74535
57 61 156.18095
57 62 112.93739
57 63 191.90115
57 64 163.32097
57 65 192.99896
57 66 146.77200
57 67 124.95299
57 68 165.71571
57 69 161.73346
57 70 168.36737
57 71 167.64444
57 72 140.14194
57 73 166.54300
57 74 200.39134
57 75 156.40651
57 76 135.82167
57 77 188.34377
57 78 170.85388
57 79 183.72018
57 80 155.32385
57 81 124.08000
57 82 151.25102
57 83 162.90388
57 84 126.18884
57 85 156.58423
57 86 170.13342
57 87 144.21132
57 88 213.51712
57 89 210.76251
57 90 153.17336
57 91 158.40167
57 92 145.73064
57 93 162.58315
57 94 181.62381
57 95 163.84366
57 96 176.21550
57 97 150.69034
57 98 195.90723
57 99 168.86588
58 59 184.62560
58 60 140.39180
58 61 151.83197
58 62 206.23782
58 63 187.48177
58 64 182.12650
58 65 171.21652
58 66 192.36375
58 67 138.94543
58 68 187.51909
58 69 190.19267
58 70 148.57451
58 71 133.14703
58 72 171.33098
58 73 215.84526
58 74 186.84297
58 75 183.84044
58 76 183.86740
58 77 146.46603
58 78 150.66235
58 79 171.56531
58 80 134.75827
58 81 124.55434
58 82 193.09392
58 83 129.23929
58 84 135.27405
58 85 159.95972
58 86 185.82916
58 87 175.70085
58 88 162.51744
58 89 183.22749
58 90 195.56743
58 91 181.36617
58 92 175.10965
58 93 116.47350
58 94 144.82011
58 95 193.88704
58 96 175.38803
58 97 177.11823
58 98 175.61917
58 99 161.34621
59 60 149.94173
59 61 170.95261
59 62 132.06380
59 63 155.26337
59 64 163.46658
59 65 187.42046
59 66 184.92757
59 67 168.54384
59 68 160.86649
59 69 159.59880
59 70 178.58995
59 71 147.85922
59 72 175.81274
59 73 151.36838
59 74 181.21832
59 75 163.90613
59 76 138.41229
59 77 165.57381
59 78 196.70227
59 79 161.07170
59 80 159.48865
59 81 135.38383
59 82 169.23067
59 83 138.60867
59 84 149.20662
59 85 157.96550
59 86 138.27444
59 87 155.59224
59 88 133.55368
59 89 142.41441
59 90 161.91988
59 91 173.46455
59 92 193.55183
59 93 158.18086
59 94 124.14553
59 95 128.03093
59 96 157.84856
59 97 155.14978
59 98 164.69508
59 99 131.68993
60 61 142.58632
60 62 139.85805
60 63 161.72137
60 64 126.95956
60 65 154.57797
60 66 157.24146
60 67 128.36009
60 68 172.71114
60 69 150.58990
60 70 160.71072
60 71 161.11246
60 72 134.44473
60 73 159.60429
60 74 171.34004
60 75 163.21889
60 76 167.46326
60 77 184.10670
60 78 157.82813
60 79 184.45876
60 80 173.20905
60 81 131.58916
60 82 153.62579
60 83 133.08411
60 84 164.55299
60 85 152.97334
60 86 175.68259
60 87 170.85291
60 88 146.62791
60 89 164.89146
60 90 160.12451
60 91 143.79283
60 92 185.79849
60 93 127.41509
60 94 141.68533
60 95 152.37466
60 96 154.91400
60 97 143.78519
60 98 183.43192
60 99 150.31039
61 62 180.13680
61 63 164.27220
61 64 186.90318
61 65 175.76799
61 66 168.93407
61 67 164.46606
61 68 140.84357
61 69 182.50911
61 70 133.80293
61 71 107.76273
61 72 110.22506
61 73 182.03189
61 74 152.77847
61 75 168.76131
61 76 196.25459
61 77 202.27408
61 78 173.09325
61 79 156.56232
61 80 167.38811
61 81 155.72186
61 82 139.26920
61 83 173.85818
61 84 141.26418
61 85 126.85855
61 86 180.80748
61 87 170.03368
61 88 172.65291
61 89 136.67839
61 90 185.70428
61 91 145.07727
61 92 152.45059
61 93 118.63230
61 94 180.05029
61 95 119.82023
61 96 166.15309
61 97 111.24908
61 98 172.75569
61 99 136.00146
62 63 184.24078
62 64 154.96790
62 65 204.75653
62 66 155.14667
62 67 144.57500
62 68 176.92088
62 69 169.63396
62 70 193.26938
62 71 197.08051
62 72 168.33783
62 73 163.97923
62 74 205.77237
62 75 185.48849
62 76 128.35968
62 77 201.08257
62 78 169.98271
62 79 178.89754
62 80 175.58829
62 81 127.67848
62 82 172.92929
62 83 146.03075
62 84 161.47487
62 85 187.07787
62 86 178.32535
62 87 169.00803
62 88 182.23883
62 89 196.91425
62 90 152.04260
62 91 158.86124
62 92 168.51950
62 93 184.51692
62 94 175.10767
62 95 151.87724
62 96 165.22606
62 97 160.11043
62 98 212.06384
62 99 170.10681
63 64 175.63736
63 65 170.58383
63 66 133.57431
63 67 146.89078
63 68 160.63783
63 69 131.79930
63 70 177.09584
63 71 129.22299
63 72 138.64291
63 73 150.54222
63 74 171.96201
63 75 171.49876
63 76 158.09740
63 77 199.06125
63 78 163.63728
63 79 181.33974
63 80 138.68558
63 81 159.15327
63 82 151.75510
63 83 171.01779
63 84 192.44383
63 85 147.71704
63 86 166.81758
63 87 170.82100
63 88 159.17294
63 89 134.60806
63 90 168.43556
63 91 150.27924
63 92 195.46191
63 93 177.83643
63 94 144.07413
63 95 160.17719
63 96 169.41562
63 97 146.24631
63 98 180.11894
63 99 150.92305
64 65 168.61594
64 66 134.16913
64 67 134.15944
64 68 190.47488
64 69 167.56479
64 70 209.98929
64 71 189.38132
64 72 189.70952
64 73 164.66560
64 74 181.54491
64 75 174.52487
64 76 142.33041
64 77 173.06946
64 78 193.61304
64 79 205.74660
64 80 170.79158
64 81 179.15764
64 82 149.72556
64 83 165.93045
64 84 200.10181
64 85 198.55750
64 86 190.82689
64 87 182.98291
64 88 176.50386
64 89 172.21236
64 90 165.03008
64 91 133.56212
64 92 170.85451
64 93 158.06300
64 94 181.74915
64 95 171.01535
64 96 201.45352
64 97 156.01685
64 98 201.66299
64 99 158.03098
65 66 182.73772
65 67 193.54398
65 68 228.75420
65 69 159.79604
65 70 218.60312
65 71 141.17572
65 72 172.26825
65 73 184.18449
65 74 166.77763
65 75 186.93132
65 76 217.41856
65 77 194.88719
65 78 176.31566
65 79 241.26485
65 80 151.80717
65 81 170.62035
65 82 212.42111
65 83 178.19099
65 84 184.57146
65 85 170.85980
65 86 131.45874
65 87 189.23494
65 88 132.65796
65 89 198.85260
65 90 229.40892
65 91 172.10249
65 92 191.18547
65 93 190.17383
65 94 142.19138
65 95 187.54189
65 96 228.12250
65 97 183.64854
65 98 177.57196
65 99 207.47450
66 67 134.56522
66 68 161.77089
66 69 126.08259
66 70 206.19394
66 71 172.64937
66 72 151.26440
66 73 159.89645
66 74 165.65974
66 75 155.80827
66 76 154.53093
66 77 201.88507
66 78 146.92479
66 79 193.90915
66 80 150.82564
66 81 165.04068
66 82 135.73436
66 83 174.70656
66 84 186.35771
66 85 174.17813
66 86 192.87325
66 87 177.93756
66 88 179.84084
66 89 185.65977
66 90 127.57037
66 91 148.62622
66 92 152.04330
66 93 161.32463
66 94 174.59151
66 95 167.05275
66 96 161.51620
66 97 105.14236
66 98 202.31639
66 99 166.74356
67 68 154.91566
67 69 170.28476
67 70 146.78539
67 71 165.15343
67 72 139.82092
67 73 159.68628
67 74 194.25475
67 75 179.12695
67 76 112.99531
67 77 175.52769
67 78 143.49983
67 79 169.68040
67 80 145.57869
67 81 119.62798
67 82 126.74634
67 83 145.25392
67 84 146.20891
67 85 174.80357
67 86 199.33418
67 87 160.18748
67 88 188.80626
67 89 186.90013
67 90 114.59467
67 91 163.57184
67 92 170.85037
67 93 143.82487
67 94 164.54520
67 95 161.84950
67 96 167.83440
67 97 157.99721
67 98 203.47098
67 99 142.57294
68 69 181.40643
68 70 168.67104
68 71 168.36414
68 72 135.01476
68 73 133.04514
68 74 192.80521
68 75 162.62543
68 76 176.14275
68 77 199.67453
68 78 180.27643
68 79 147.53931
68 80 195.70940
68 81 183.51723
68 82 94.76144
68 83 187.23402
68 84 165.20418
68 85 149.45535
68 86 201.43651
68 87 166.43120
68 88 204.36746
68 89 175.74683
68 90 153.77458
68 91 186.74680
68 92 156.24028
68 93 155.17624
68 94 171.98845
68 95 159.06302
68 96 179.84601
68 97 123.09071
68 98 193.26019
68 99 156.16740
69 70 193.48396
69 71 153.58084
69 72 154.89690
69 73 128.84167
69 74 127.04326
69 75 122.48057
69 76 176.26312
69 77 189.15770
69 78 161.47565
69 79 187.38454
69 80 154.69359
69 81 165.55486
69 82 159.58255
69 83 154.76436
69 84 166.59602
69 85 146.03426
69 86 136.70174
69 87 156.35597
69 88 150.86255
69 89 168.79179
69 90 185.39418
69 91 176.82837
69 92 185.25084
69 93 166.00110
69 94 117.92770
69 95 161.48700
69 96 165.18941
69 97 135.73219
69 98 176.84177
69 99 165.16411
70 71 150.20367
70 72 173.86987
70 73 212.17188
70 74 176.26282
70 75 204.95239
70 76 184.66841
70 77 185.45563
70 78 197.59987
70 79 162.54759
70 80 175.10001
70 81 166.76167
70 82 159.00359
70 83 168.60490
70 84 130.25687
70 85 170.03152
70 86 210.28467
70 87 178.29955
70 88 201.72624
70 89 157.02742
70 90 182.77272
70 91 163.40295
70 92 189.59500
70 93 161.32454
70 94 164.36940
70 95 141.50294
70 96 178.08902
70 97 155.32443
70 98 154.91971
70 99 165.35007
71 72 133.32506
71 73 176.69073
71 74 147.51672
71 75 156.05586
71 76 178.90926
71 77 160.29376
71 78 175.84558
71 79 171.72473
71 80 110.26845
71 81 129.73074
71 82 171.35995
71 83 169.55698
71 84 132.50027
71 85 109.28723
71 86 126.71495
71 87 160.16519
71 88 147.42403
71 89 134.84982
71 90 196.36407
71 91 154.86273
71 92 166.44719
71 93 127.21149
71 94 141.35828
71 95 153.26743
71 96 172.62122
71 97 145.55504
71 98 141.60294
71 99 126.32844
72 73 131.01219
72 74 181.21159
72 75 148.76891
72 76 187.66228
72 77 223.56802
72 78 159.18333
72 79 178.39388
72 80 167.16747
72 81 138.30780
72 82 128.42029
72 83 178.58519
72 84 155.35915
72 85 114.38551
72 86 173.23178
72 87 135.66824
72 88 177.52795
72 89 175.28059
72 90 164.94655
72 91 182.40691
72 92 177.10083
72 93 147.17354
72 94 167.12901
72 95 149.32230
72 96 178.38528
72 97 137.89061
72 98 209.28621
72 99 139.55962
73 74 179.56143
73 75 155.76552
73 76 170.85510
73 77 212.22324
73 78 182.88089
73 79 188.42213
73 80 194.65633
73 81 180.74028
73 82 126.30148
73 83 183.43518
73 84 181.54901
73 85 160.63855
73 86 162.48096
73 87 159.15553
73 88 182.75409
73 89 195.32669
73 90 180.09320
73 91 202.53851
73 92 183.58147
73 93 173.33330
73 94 156.81802
73 95 162.94702
73 96 207.22972
73 97 165.36287
73 98 223.62105
73 99 163.23392
74 75 151.67072
74 76 228.18991
74 77 165.88916
74 78 180.52536
74 79 172.73911
74 80 172.47711
74 81 196.54373
74 82 164.59598
74 83 186.34392
74 84 155.35124
74 85 189.09581
74 86 184.87936
74 87 199.52296
74 88 156.43181
74 89 152.24484
74 90 211.20621
74 91 172.94777
74 92 170.83464
74 93 149.61430
74 94 143.14813
74 95 150.30492
74 96 196.48912
74 97 127.72198
74 98 148.91614
74 99 170.57425
75 76 185.77144
75 77 182.43423
75 78 176.36624
75 79 162.64272
75 80 178.98047
75 81 172.80693
75 82 133.84404
75 83 166.09473
75 84 149.51369
75 85 145.24031
75 86 150.50934
75 87 156.37691
75 88 192.60117
75 89 169.90193
75 90 178.27000
75 91 193.67551
75 92 200.56587
75 93 155.55225
75 94 151.53487
75 95 154.79416
75 96 158.39867
75 97 127.77216
75 98 158.53625
75 99 166.31976
76 77 185.66588
76 78 179.38171
76 79 171.13828
76 80 154.41461
76 81 132.37936
76 82 163.36122
76 83 135.57085
76 84 171.31505
76 85 183.67369
76 86 178.10820
76 87 172.78806
76 88 207.25157
76 89 186.97955
76 90 141.13052
76 91 163.04309
76 92 191.76299
76 93 172.39172
76 94 186.24892
76 95 163.49393
76 96 154.74266
76 97 179.97678
76 98 214.22227
76 99 157.21184
77 78 202.56262
77 79 161.55994
77 80 129.34001
77 81 161.79781
77 82 203.21887
77 83 169.37718
77 84 144.84227
77 85 220.36061
77 86 199.95911
77 87 195.85631
77 88 196.06372
77 89 192.85370
77 90 200.99911
77 91 165.41942
77 92 154.42923
77 93 149.99001
77 94 143.63045
77 95 206.01648
77 96 218.25687
77 97 189.61821
77 98 146.95650
77 99 179.13144
78 79 166.04083
78 80 173.08847
78 81 137.42088
78 82 181.71945
78 83 123.86456
78 84 158.18057
78 85 184.06639
78 86 187.19455
78 87 213.21828
78 88 171.98018
78 89 214.89586
78 90 182.53192
78 91 199.28159
78 92 186.02940
78 93 164.39015
78 94 157.99736
78 95 182.75891
78 96 143.51485
78 97 166.49731
78 98 211.65813
78 99 206.84679
79 80 176.34424
79 81 160.15771
79 82 157.85008
79 83 133.04787
79 84 136.58727
79 85 202.12788
79 86 219.87091
79 87 186.33655
79 88 214.75922
79 89 163.34344
79 90 182.72649
79 91 183.13263
79 92 174.16718
79 93 131.34933
79 94 175.38963
79 95 145.61737
79 96 157.02211
79 97 161.25891
79 98 197.74153
79 99 160.64621
80 81 109.48886
80 82 196.23883
80 83 151.65135
80 84 142.02899
80 85 168.02821
80 86 161.93890
80 87 137.77577
80 88 158.24742
80 89 168.93793
80 90 178.24382
80 91 139.43936
80 92 136.82364
80 93 152.16888
80 94 136.52913
80 95 182.19981
80 96 196.23894
80 97 166.15422
80 98 169.34250
80 99 144.75081
81 82 189.73734
81 83 116.50352
81 84 114.27206
81 85 154.99834
81 86 157.55739
81 87 153.42873
81 88 157.05641
81 89 190.37733
81 90 151.57600
81 91 171.38638
81 92 171.81490
81 93 132.94580
81 94 140.50533
81 95 165.51494
81 96 145.14595
81 97 172.66563
81 98 192.64973
81 99 143.08533
82 83 184.74319
82 84 162.66908
82 85 159.98167
82 86 201.26636
82 87 161.41701
82 88 208.07135
82 89 159.70451
82 90 131.32768
82 91 170.54352
82 92 175.72650
82 93 152.49281
82 94 177.59015
82 95 123.68269
82 96 174.97078
82 97 102.90736
82 98 184.41185
82 99 148.77759
83 84 137.56277
83 85 177.35710
83 86 167.76834
83 87 166.84157
83 88 154.63734
83 89 174.64154
83 90 175.25273
83 91 172.61325
83 92 188.85875
83 93 143.59950
83 94 129.19489
83 95 145.09711
83 96 131.07462
83 97 168.08005
83 98 191.94899
83 99 175.60973
84 85 166.01720
84 86 166.05013
84 87 153.05246
84 88 182.88576
84 89 193.02519
84 90 162.82608
84 91 188.43268
84 92 159.85945
84 93 134.10838
84 94 131.69531
84 95 133.80858
84 96 165.82001
84 97 149.99342
84 98 151.10426
84 99 165.63818
85 86 112.22560
85 87 140.76334
85 88 154.04979
85 89 150.11314
85 90 202.89520
85 91 187.45341
85 92 195.71236
85 93 163.48396
85 94 155.62151
85 95 166.88084
85 96 162.91667
85 97 141.88872
85 98 174.15154
85 99 138.57481
86 87 167.26820
86 88 140.95532
86 89 178.24500
86 90 228.48514
86 91 196.38396
86 92 207.79907
86 93 194.76199
86 94 139.16911
86 95 176.48010
86 96 187.08397
86 97 179.44429
86 98 164.33308
86 99 179.72127
87 88 179.14819
87 89 169.48688
87 90 179.64552
87 91 182.20522
87 92 168.64221
87 93 179.22354
87 94 147.71449
87 95 162.35648
87 96 215.40981
87 97 160.29044
87 98 198.15863
87 99 137.92241
88 89 155.84102
88 90 210.94528
88 91 191.55421
88 92 198.11693
88 93 170.84445
88 94 112.43713
88 95 174.01842
88 96 186.40262
88 97 164.09868
88 98 181.62114
88 99 158.93515
89 90 209.38548
89 91 140.48659
89 92 200.20988
89 93 161.96609
89 94 169.37637
89 95 136.89783
89 96 176.10057
89 97 137.20081
89 98 158.55132
89 99 115.22178
90 91 184.20813
90 92 194.69595
90 93 165.63533
90 94 177.90181
90 95 151.64886
90 96 157.47377
90 97 135.68961
90 98 205.49059
90 99 173.01318
91 92 139.54778
91 93 167.21210
91 94 181.91818
91 95 158.32509
91 96 195.65433
91 97 137.46086
91 98 161.90482
91 99 167.93047
92 93 154.99689
92 94 182.38564
92 95 190.80769
92 96 228.79877
92 97 149.08553
92 98 200.07019
92 99 173.31743
93 94 163.74420
93 95 154.54602
93 96 151.73479
93 97 140.77431
93 98 191.91055
93 99 115.37415
94 95 160.86717
94 96 177.81885
94 97 151.25319
94 98 133.22917
94 99 173.09471
95 96 150.41817
95 97 111.55405
95 98 168.10701
95 99 156.37718
96 97 143.03693
96 98 192.66898
96 99 176.12267
97 98 142.83121
97 99 149.68665
98 99 200.03445
