100 10
0 1 105.56528
0 2 84.07375
0 3 91.41879
0 4 110.21884
0 5 101.76591
0 6 77.08698
0 7 124.36002
0 8 129.12665
0 9 61.19466
0 10 97.51317
0 11 89.69262
0 12 76.96431
0 13 111.12988
0 14 80.28254
0 15 135.00977
0 16 87.10398
0 17 95.95570
0 18 61.94589
0 19 105.59349
0 20 82.64722
0 21 82.93703
0 22 115.29013
0 23 125.40047
0 24 46.03188
0 25 43.18393
0 26 92.45790
0 27 100.05748
0 28 54.53830
0 29 88.11434
0 30 86.64448
0 31 46.12004
0 32 84.84056
0 33 148.80280
0 34 87.23259
0 35 90.89195
0 36 42.69249
0 37 105.80982
0 38 147.07440
0 39 112.49007
0 40 115.07220
0 41 92.97105
0 42 105.21071
0 43 73.25858
0 44 145.57175
0 45 89.17798
0 46 85.18692
0 47 124.79109
0 48 123.58616
0 49 85.84928
0 50 85.12909
0 51 107.41172
0 52 102.37621
0 53 75.78432
0 54 112.30171
0 55 76.92432
0 56 87.08633
0 57 110.97955
0 58 99.30907
0 59 80.87588
0 60 107.71108
0 61 92.50908
0 62 53.73853
0 63 88.08176
0 64 61.40119
0 65 98.04576
0 66 117.33183
0 67 113.18185
0 68 97.57363
0 69 123.29679
0 70 116.16122
0 71 87.21125
0 72 96.08984
0 73 96.25063
0 74 94.82234
0 75 84.27955
0 76 113.79495
0 77 100.33180
0 78 136.82971
0 79 72.42599
0 80 127.24514
0 81 105.53380
0 82 72.51273
0 83 102.52641
0 84 96.87634
0 85 137.57260
0 86 66.49425
0 87 106.24567
0 88 121.67878
0 89 96.32764
0 90 54.44917
0 91 43.83882
0 92 92.11698
0 93 133.07962
0 94 71.62434
0 95 40.94667
0 96 99.68403
0 97 62.48507
0 98 100.49475
0 99 137.12253
1 2 62.06361
1 3 91.86613
1 4 105.18946
1 5 135.84859
1 6 114.61372
1 7 91.84454
1 8 91.44581
1 9 106.02500
1 10 113.99706
1 11 51.96172
1 12 48.58102
1 13 30.17462
1 14 114.98633
1 15 71.29417
1 16 124.14805
1 17 123.09461
1 18 123.46906
1 19 58.28796
1 20 51.27143
1 21 79.45222
1 22 66.26242
1 23 91.61454
1 24 96.92182
1 25 104.74178
1 26 108.39896
1 27 91.74904
1 28 112.67136
1 29 80.10049
1 30 61.79638
1 31 120.76804
1 32 84.36163
1 33 100.79116
1 34 125.86250
1 35 93.84237
1 36 91.23060
1 37 66.13518
1 38 115.15278
1 39 89.56807
1 40 118.88766
1 41 110.47626
1 42 68.57031
1 43 99.60985
1 44 130.27400
1 45 99.10196
1 46 38.45700
1 47 113.16761
1 48 58.70297
1 49 83.34026
1 50 131.03760
1 51 112.60477
1 52 93.42327
1 53 118.33283
1 54 123.77785
1 55 65.22649
1 56 121.21233
1 57 53.23392
1 58 80.46272
1 59 92.05044
1 60 114.09317
1 61 95.73402
1 62 77.52361
1 63 59.88192
1 64 96.82362
1 65 115.73114
1 66 114.47097
1 67 90.94310
1 68 94.43959
1 69 97.26827
1 70 90.53636
1 71 124.23888
1 72 120.93221
1 73 81.58089
1 74 99.46861
1 75 92.62359
1 76 103.54827
1 77 22.19305
1 78 96.83429
1 79 86.27570
1 80 111.18024
1 81 65.72701
1 82 74.97183
1 83 89.54499
1 84 57.78617
1 85 92.72980
1 86 61.66273
1 87 88.30005
1 88 85.76475
1 89 87.77735
1 90 104.44836
1 91 108.56164
1 92 80.74136
1 93 76.27959
1 94 78.31859
1 95 99.02922
1 96 54.12548
1 97 106.56391
1 98 91.61555
1 99 109.45757
2 3 99.37907
2 4 89.46357
2 5 128.33789
2 6 129.93593
2 7 70.24998
2 8 111.23813
2 9 105.25802
2 10 103.52841
2 11 67.28670
2 12 47.55598
2 13 56.39723
2 14 81.61103
2 15 70.70812
2 16 106.85886
2 17 92.96058
2 18 121.06558
2 19 61.75498
2 20 32.38870
2 21 98.95592
2 22 88.18742
2 23 100.69818
2 24 76.12329
2 25 90.99786
2 26 109.82236
2 27 85.86723
2 28 106.76538
2 29 113.01805
2 30 66.39574
2 31 104.40229
2 32 91.74200
2 33 126.61852
2 34 92.73111
2 35 99.63843
2 36 59.31171
2 37 111.80932
2 38 131.29918
2 39 122.05351
2 40 88.78749
2 41 119.15080
2 42 91.35773
2 43 76.64066
2 44 156.33276
2 45 103.00460
2 46 67.91878
2 47 112.73244
2 48 100.06049
2 49 65.38430
2 50 138.01784
2 51 126.09812
2 52 82.08494
2 53 119.04326
2 54 121.22690
2 55 71.65991
2 56 82.86909
2 57 60.96014
2 58 70.07388
2 59 102.86578
2 60 109.85585
2 61 98.92843
2 62 39.68675
2 63 93.06076
2 64 88.71206
2 65 108.62459
2 66 126.64435
2 67 71.72502
2 68 107.64133
2 69 110.66102
2 70 131.04807
2 71 105.78240
2 72 128.10335
2 73 109.86235
2 74 67.86481
2 75 76.54639
2 76 114.94015
2 77 55.37275
2 78 120.32005
2 79 77.37038
2 80 131.63841
2 81 63.84229
2 82 62.80277
2 83 77.02593
2 84 82.03075
2 85 110.91549
2 86 64.16674
2 87 74.59917
2 88 101.80347
2 89 102.20042
2 90 82.42411
2 91 104.01541
2 92 70.52785
2 93 111.97691
2 94 73.46550
2 95 79.94500
2 96 90.02079
2 97 98.31945
2 98 104.01015
2 99 118.20018
3 4 89.96021
3 5 84.48125
3 6 88.32518
3 7 86.89384
3 8 69.56851
3 9 80.90822
3 10 107.16927
3 11 97.25231
3 12 65.68804
3 13 90.17587
3 14 74.65121
3 15 92.02389
3 16 52.19133
3 17 94.65784
3 18 96.73157
3 19 98.72990
3 20 84.90519
3 21 110.78783
3 22 60.04723
3 23 102.82994
3 24 63.32259
3 25 104.08131
3 26 96.98425
3 27 118.56093
3 28 83.46175
3 29 72.03672
3 30 69.26102
3 31 86.36607
3 32 120.97598
3 33 96.52744
3 34 75.26962
3 35 93.03948
3 36 83.02446
3 37 76.73669
3 38 133.32550
3 39 64.73785
3 40 99.69791
3 41 99.39042
3 42 32.57636
3 43 91.39854
3 44 86.25692
3 45 45.64555
3 46 80.40314
3 47 112.96181
3 48 99.11677
3 49 99.73390
3 50 97.40028
3 51 100.57784
3 52 49.09092
3 53 47.80927
3 54 55.29536
3 55 96.72297
3 56 100.40913
3 57 89.00043
3 58 87.97459
3 59 79.51744
3 60 103.88681
3 61 98.76691
3 62 102.08839
3 63 67.86377
3 64 52.01417
3 65 125.25534
3 66 38.29216
3 67 94.80119
3 68 75.05353
3 69 66.53236
3 70 77.30135
3 71 98.45412
3 72 43.06508
3 73 42.56772
3 74 66.28034
3 75 119.78720
3 76 112.51753
3 77 79.42304
3 78 73.46097
3 79 56.65243
3 80 109.05660
3 81 71.98344
3 82 52.48291
3 83 50.92708
3 84 66.14381
3 85 86.35499
3 86 51.79135
3 87 66.28654
3 88 105.28255
3 89 79.54261
3 90 85.79416
3 91 99.53078
3 92 91.66246
3 93 86.40838
3 94 76.27724
3 95 64.40462
3 96 48.88255
3 97 38.47386
3 98 81.06195
3 99 121.61560
4 5 63.93244
4 6 120.40129
4 7 62.61303
4 8 83.10684
4 9 92.34255
4 10 51.04287
4 11 91.81631
4 12 80.07213
4 13 83.14861
4 14 58.79209
4 15 87.47473
4 16 103.88863
4 17 51.94323
4 18 102.24062
4 19 94.56171
4 20 71.11803
4 21 107.02428
4 22 103.43951
4 23 48.52765
4 24 74.92598
4 25 99.33171
4 26 73.13279
4 27 64.90099
4 28 88.55539
4 29 123.81062
4 30 110.61444
4 31 94.87650
4 32 100.04553
4 33 74.20844
4 34 68.10452
4 35 109.84272
4 36 95.97673
4 37 119.37943
4 38 82.42102
4 39 107.56055
4 40 32.68642
4 41 96.35915
4 42 93.28903
4 43 50.00556
4 44 109.43766
4 45 74.09516
4 46 85.07607
4 47 73.73687
4 48 98.86163
4 49 63.24286
4 50 107.88570
4 51 91.60708
4 52 87.13992
4 53 101.90833
4 54 66.02082
4 55 105.16388
4 56 60.39999
4 57 108.76193
4 58 58.27000
4 59 79.32800
4 60 113.82959
4 61 98.37638
4 62 102.29250
4 63 105.96007
4 64 114.98889
4 65 83.85255
4 66 98.14946
4 67 28.45741
4 68 113.62376
4 69 122.50861
4 70 141.89301
4 71 99.90390
4 72 97.19475
4 73 116.91908
4 74 67.79382
4 75 88.30680
4 76 79.98328
4 77 83.58676
4 78 79.54447
4 79 47.37284
4 80 89.09150
4 81 44.88908
4 82 50.59003
4 83 68.23438
4 84 122.25432
4 85 57.45473
4 86 91.89881
4 87 38.43712
4 88 62.23393
4 89 74.72476
4 90 62.93593
4 91 106.28587
4 92 67.65562
4 93 89.93487
4 94 93.70568
4 95 92.32161
4 96 93.40028
4 97 91.01091
4 98 61.53623
4 99 67.30478
5 6 89.00957
5 7 112.76183
5 8 97.63600
5 9 70.31987
5 10 59.93524
5 11 115.75958
5 12 105.10664
5 13 124.07700
5 14 70.68855
5 15 135.24779
5 16 93.87422
5 17 69.11816
5 18 67.89617
5 19 128.35112
5 20 108.48241
5 21 109.55267
5 22 123.04439
5 23 84.92854
5 24 70.70005
5 25 92.37990
5 26 64.63960
5 27 93.78231
5 28 60.91944
5 29 112.79576
5 30 128.55775
5 31 69.97582
5 32 111.11906
5 33 95.88178
5 34 73.24955
5 35 113.83346
5 36 105.64724
5 37 118.42434
5 38 103.53911
5 39 98.55081
5 40 80.19652
5 41 81.19527
5 42 104.04428
5 43 66.45977
5 44 88.79775
5 45 63.34956
5 46 105.26312
5 47 92.40334
5 48 121.22372
5 49 93.57326
5 50 64.75340
5 51 77.42381
5 52 105.42643
5 53 69.68204
5 54 48.96305
5 55 119.79211
5 56 80.79264
5 57 141.98193
5 58 93.02322
5 59 67.93018
5 60 119.08053
5 61 104.65748
5 62 123.65041
5 63 108.42580
5 64 109.43079
5 65 90.54427
5 66 83.87438
5 67 88.74223
5 68 112.31348
5 69 131.14233
5 70 132.69452
5 71 96.45635
5 72 63.01430
5 73 109.12563
5 74 96.10514
5 75 110.67799
5 76 86.61765
5 77 117.58085
5 78 92.23174
5 79 55.24551
5 80 86.16819
5 81 90.93537
5 82 70.57448
5 83 93.51037
5 84 135.21957
5 85 88.05045
5 86 102.53954
5 87 80.29731
5 88 90.09232
5 89 74.82410
5 90 59.85822
5 91 87.70815
5 92 96.67307
5 93 108.86949
5 94 104.35198
5 95 86.03612
5 96 102.78530
5 97 71.97076
5 98 64.02654
5 99 94.12411
6 7 149.19664
6 8 121.39494
6 9 62.61039
6 10 95.33541
6 11 104.83526
6 12 103.18941
6 13 121.13060
6 14 117.42686
6 15 155.23174
6 16 114.26243
6 17 127.13139
6 18 46.55371
6 19 131.67749
6 20 114.52998
6 21 69.39666
6 22 123.09429
6 23 119.05627
6 24 83.42835
6 25 66.22283
6 26 87.29039
6 27 106.16174
6 28 45.78223
6 29 59.29364
6 30 105.79392
6 31 74.05943
6 32 84.39817
6 33 122.33325
6 34 122.93560
6 35 82.56890
6 36 95.52661
6 37 70.44753
6 38 129.80194
6 39 83.36916
6 40 137.90993
6 41 82.10951
6 42 100.56274
6 43 100.24622
6 44 106.45649
6 45 73.11346
6 46 86.52647
6 47 130.65862
6 48 100.81052
6 49 114.56361
6 50 42.67945
6 51 87.22849
6 52 121.12402
6 53 59.81342
6 54 100.95536
6 55 101.72346
6 56 129.39192
6 57 129.65466
6 58 121.52162
6 59 65.81492
6 60 131.68687
6 61 82.73794
6 62 112.94438
6 63 77.40180
6 64 92.73227
6 65 93.34464
6 66 103.36720
6 67 132.89220
6 68 80.68565
6 69 133.58855
6 70 86.47802
6 71 120.55341
6 72 68.96924
6 73 77.52718
6 74 130.35699
6 75 103.00716
6 76 102.70364
6 77 109.60931
6 78 119.22050
6 79 79.50196
6 80 101.52758
6 81 117.34281
6 82 92.27254
6 83 119.40186
6 84 110.40926
6 85 122.06313
6 86 82.48585
6 87 122.86409
6 88 110.79232
6 89 85.01469
6 90 82.28532
6 91 48.23327
6 92 102.38879
6 93 104.67876
6 94 83.92915
6 95 75.92165
6 96 84.93211
6 97 73.96739
6 98 74.38658
6 99 129.73134
7 8 88.93472
7 9 124.97698
7 10 104.27299
7 11 102.11314
7 12 72.97224
7 13 68.70419
7 14 71.63128
7 15 39.97480
7 16 98.51772
7 17 82.53741
7 18 141.80328
7 19 87.36040
7 20 66.56743
7 21 135.09602
7 22 83.26251
7 23 87.52237
7 24 92.60262
7 25 127.25779
7 26 118.42632
7 27 104.07571
7 28 123.87745
7 29 134.54347
7 30 87.52373
7 31 125.30878
7 32 129.95946
7 33 96.45832
7 34 76.53510
7 35 115.54390
7 36 95.05582
7 37 126.84042
7 38 126.13173
7 39 121.91199
7 40 54.70636
7 41 134.30319
7 42 79.90344
7 43 88.89734
7 44 135.78294
7 45 90.24623
7 46 95.04430
7 47 108.94415
7 48 106.46352
7 49 87.22544
7 50 150.22113
7 51 132.80774
7 52 57.23114
7 53 118.30501
7 54 88.07610
7 55 113.49804
7 56 83.79514
7 57 75.35944
7 58 72.90409
7 59 115.54808
7 60 123.95691
7 61 112.91976
7 62 100.46304
7 63 113.61361
7 64 107.27689
7 65 125.32847
7 66 103.63914
7 67 47.39542
7 68 113.32881
7 69 104.15971
7 70 143.81706
7 71 119.03526
7 72 115.83709
7 73 115.61369
7 74 43.22722
7 75 109.35017
7 76 123.20608
7 77 73.21175
7 78 92.20092
7 79 74.20861
7 80 130.78127
7 81 42.71579
7 82 62.71098
7 83 42.68729
7 84 103.01673
7 85 77.80623
7 86 84.03988
7 87 36.81658
7 88 99.33868
7 89 107.30768
7 90 99.59944
7 91 137.41380
7 92 77.45480
7 93 97.68434
7 94 93.66998
7 95 99.83202
7 96 92.15254
7 97 100.42091
7 98 99.21365
7 99 109.93025
8 9 91.81209
8 10 112.70490
8 11 81.18266
8 12 70.34537
8 13 85.90192
8 14 94.65727
8 15 80.18895
8 16 97.25001
8 17 91.78043
8 18 118.95772
8 19 74.64516
8 20 83.10561
8 21 113.55826
8 22 50.27752
8 23 69.25554
8 24 90.96185
8 25 133.87796
8 26 81.03889
8 27 113.26168
8 28 115.92446
8 29 90.37251
8 30 111.93556
8 31 110.71944
8 32 125.00497
8 33 69.49610
8 34 101.72978
8 35 136.55679
8 36 125.86453
8 37 89.62351
8 38 93.09930
8 39 52.36036
8 40 106.26452
8 41 84.17822
8 42 57.66565
8 43 91.70348
8 44 61.22192
8 45 90.70256
8 46 77.10751
8 47 68.86220
8 48 100.15732
8 49 84.37138
8 50 114.56037
8 51 76.62164
8 52 94.55022
8 53 104.78116
8 54 83.17380
8 55 90.14707
8 56 103.73234
8 57 114.05312
8 58 61.54409
8 59 74.36821
8 60 80.24652
8 61 134.42368
8 62 120.28639
8 63 69.09586
8 64 102.44772
8 65 138.82254
8 66 55.23994
8 67 79.90099
8 68 125.66546
8 69 62.39447
8 70 90.21995
8 71 92.88510
8 72 91.17691
8 73 76.98532
8 74 90.22159
8 75 138.53090
8 76 81.11632
8 77 77.11079
8 78 22.28889
8 79 81.42774
8 80 72.37218
8 81 62.57851
8 82 68.10242
8 83 83.97523
8 84 84.26806
8 85 56.55108
8 86 95.93683
8 87 63.02206
8 88 72.62826
8 89 55.75487
8 90 103.18271
8 91 127.16296
8 92 115.24052
8 93 86.46734
8 94 120.07471
8 95 115.79838
8 96 60.48952
8 97 95.00794
8 98 89.83153
8 99 78.87038
9 10 82.39995
9 11 72.84598
9 12 73.58746
9 13 109.55593
9 14 79.36374
9 15 131.96251
9 16 88.33929
9 17 78.84431
9 18 35.78628
9 19 92.93076
9 20 83.55777
9 21 67.79491
9 22 99.92970
9 23 92.53631
9 24 44.83740
9 25 66.41172
9 26 41.42947
9 27 89.21008
9 28 48.82780
9 29 67.71212
9 30 110.39360
9 31 31.40683
9 32 80.42197
9 33 116.86301
9 34 88.67141
9 35 112.04616
9 36 86.66290
9 37 88.86388
9 38 105.95715
9 39 71.68818
9 40 112.27874
9 41 35.27801
9 42 93.17934
9 43 56.35722
9 44 95.73717
9 45 82.20650
9 46 71.48080
9 47 80.89889
9 48 113.35133
9 49 68.07913
9 50 45.35330
9 51 49.51629
9 52 112.61133
9 53 70.93533
9 54 92.73273
9 55 64.66950
9 56 81.54237
9 57 129.50122
9 58 75.63809
9 59 30.55950
9 60 75.65397
9 61 108.09052
9 62 84.06025
9 63 63.91831
9 64 77.71957
9 65 97.53226
9 66 87.44534
9 67 100.30407
9 68 112.29504
9 69 105.67152
9 70 94.65683
9 71 60.18240
9 72 76.80871
9 73 81.77431
9 74 101.82814
9 75 102.70354
9 76 66.82848
9 77 96.38001
9 78 97.90852
9 79 63.48242
9 80 74.01517
9 81 93.31328
9 82 62.95858
9 83 106.03077
9 84 97.63100
9 85 107.46361
9 86 83.06945
9 87 93.31732
9 88 86.83595
9 89 47.47057
9 90 47.64126
9 91 48.86340
9 92 103.95970
9 93 116.10439
9 94 96.88039
9 95 72.48914
9 96 82.88641
9 97 64.22703
9 98 79.11869
9 99 96.41034
10 11 96.16828
10 12 96.98538
10 13 98.21469
10 14 83.52722
10 15 124.91537
10 16 124.84822
10 17 78.46703
10 18 75.17019
10 19 115.34004
10 20 87.58595
10 21 82.20522
10 22 130.49168
10 23 64.23743
10 24 79.97234
10 25 68.94870
10 26 66.28973
10 27 41.05669
10 28 61.88298
10 29 118.68188
10 30 118.69199
10 31 84.85706
10 32 70.22194
10 33 90.23453
10 34 93.21059
10 35 93.22437
10 36 92.87309
10 37 114.71563
10 38 80.79247
10 39 115.31573
10 40 68.04407
10 41 88.84115
10 42 114.12161
10 43 52.80165
10 44 120.41067
10 45 75.92636
10 46 85.58511
10 47 91.91399
10 48 94.18073
10 49 74.42806
10 50 82.38500
10 51 86.12580
10 52 113.00696
10 53 98.59847
10 54 84.20763
10 55 107.92870
10 56 81.39322
10 57 122.79964
10 58 85.16550
10 59 70.93845
10 60 132.09613
10 61 76.15518
10 62 103.72751
10 63 109.05012
10 64 124.47479
10 65 38.03861
10 66 120.18833
10 67 69.68848
10 68 105.88703
10 69 150.60481
10 70 144.65041
10 71 113.78718
10 72 99.67664
10 73 124.26974
10 74 101.75254
10 75 62.06584
10 76 74.44478
10 77 97.06216
10 78 106.54881
10 79 52.64304
10 80 86.88985
10 81 77.47243
10 82 69.98301
10 83 98.31898
10 84 137.31020
10 85 83.44108
10 86 96.47817
10 87 81.25621
10 88 66.46399
10 89 78.85480
10 90 51.26350
10 91 77.17043
10 92 61.70099
10 93 94.56960
10 94 86.18308
10 95 87.82738
10 96 103.99610
10 97 96.26541
10 98 45.41825
10 99 77.01610
11 12 41.82375
11 13 59.99473
11 14 98.72029
11 15 91.12891
11 16 117.66292
11 17 95.46788
11 18 96.54660
11 19 35.99194
11 20 41.13487
11 21 57.65635
11 22 74.77964
11 23 72.57824
11 24 76.01488
11 25 89.45520
11 26 68.81060
11 27 72.41152
11 28 95.82486
11 29 76.39355
11 30 93.42612
11 31 91.22147
11 32 65.23318
11 33 103.79140
11 34 112.72749
11 35 114.19600
11 36 92.68959
11 37 79.00712
11 38 88.85786
11 39 79.26286
11 40 112.32059
11 41 69.09647
11 42 84.61713
11 43 68.06153
11 44 117.25934
11 45 104.32500
11 46 29.94008
11 47 73.29455
11 48 82.85516
11 49 44.77858
11 50 105.87967
11 51 74.72298
11 52 111.19810
11 53 115.44526
11 54 120.91334
11 55 25.93328
11 56 94.05330
11 57 94.92145
11 58 50.16850
11 59 59.88414
11 60 76.20745
11 61 110.11323
11 62 63.84499
11 63 50.64725
11 64 96.18568
11 65 104.59659
11 66 110.43985
11 67 79.78366
11 68 118.48012
11 69 97.05775
11 70 95.97371
11 71 86.06060
11 72 118.20508
11 73 89.85936
11 74 100.04991
11 75 90.90662
11 76 63.94888
11 77 48.65170
11 78 90.55511
11 79 78.46755
11 80 78.95912
11 81 67.16830
11 82 64.36900
11 83 102.55412
11 84 74.06425
11 85 92.46693
11 86 78.11743
11 87 84.12808
11 88 63.44977
11 89 54.83411
11 90 78.38638
11 91 87.47103
11 92 92.41484
11 93 97.44742
11 94 95.64595
11 95 97.50281
11 96 68.35997
11 97 101.46843
11 98 87.20912
11 99 79.61234
12 13 51.13856
12 14 71.92576
12 15 66.02380
12 16 82.95301
12 17 80.84196
12 18 98.08543
12 19 38.96910
12 20 25.90472
12 21 80.96310
12 22 49.23001
12 23 80.69566
12 24 54.78301
12 25 88.13234
12 26 80.42374
12 27 85.64861
12 28 89.26356
12 29 74.49754
12 30 63.28984
12 31 82.90411
12 32 86.37585
12 33 101.42554
12 34 83.28967
12 35 99.17924
12 36 68.14194
12 37 78.25973
12 38 110.26556
12 39 76.15603
12 40 92.60172
12 41 84.07823
12 42 55.49473
12 43 64.58679
12 44 113.59007
12 45 81.41341
12 46 39.83065
12 47 85.37407
12 48 85.49776
12 49 52.19817
12 50 108.78855
12 51 89.90995
12 52 72.24657
12 53 92.38319
12 54 96.91521
12 55 44.18609
12 56 78.87055
12 57 69.27921
12 58 46.30411
12 59 68.08083
12 60 75.77024
12 61 99.72547
12 62 52.83551
12 63 50.62255
12 64 64.21271
12 65 110.15521
12 66 86.39197
12 67 67.88509
12 68 97.58880
12 69 71.39102
12 70 89.81346
12 71 78.87418
12 72 96.35885
12 73 70.11634
12 74 63.34027
12 75 91.64755
12 76 86.99624
12 77 37.95411
12 78 82.15771
12 79 59.02233
12 80 97.09863
12 81 48.05521
12 82 37.83947
12 83 66.40594
12 84 49.43297
12 85 86.24179
12 86 48.84041
12 87 58.28447
12 88 79.41737
12 89 63.85308
12 90 70.77483
12 91 89.38174
12 92 78.51763
12 93 91.31651
12 94 74.54837
12 95 71.71696
12 96 52.18897
12 97 73.01224
12 98 84.42287
12 99 96.42268
13 14 103.11020
13 15 53.81589
13 16 122.21884
13 17 109.77606
13 18 125.14897
13 19 61.89209
13 20 44.40856
13 21 87.44600
13 22 71.14851
13 23 73.95203
13 24 94.85031
13 25 105.08942
13 26 104.47578
13 27 78.06618
13 28 110.75230
13 29 96.59818
13 30 65.89152
13 31 121.71177
13 32 85.72459
13 33 83.43781
13 34 113.89827
13 35 90.21292
13 36 89.74705
13 37 79.99121
13 38 102.90835
13 39 96.65839
13 40 95.11807
13 41 113.43102
13 42 68.73884
13 43 89.54168
13 44 127.48684
13 45 89.99667
13 46 45.46982
13 47 104.85825
13 48 52.88062
13 49 76.08245
13 50 132.49591
13 51 112.57248
13 52 82.89253
13 53 117.74361
13 54 110.02532
13 55 78.55377
13 56 109.06866
13 57 48.73054
13 58 70.87685
13 59 92.72849
13 60 119.48107
13 61 87.96867
13 62 82.21357
13 63 74.97504
13 64 104.61712
13 65 104.11591
13 66 111.95582
13 67 67.61503
13 68 92.78920
13 69 104.04395
13 70 108.34792
13 71 124.98758
13 72 117.89874
13 73 92.57872
13 74 85.85528
13 75 82.87041
13 76 99.03726
13 77 16.78623
13 78 87.74955
13 79 74.47366
13 80 107.49859
13 81 43.82381
13 82 65.13377
13 83 74.16531
13 84 75.60046
13 85 73.23663
13 86 63.92940
13 87 68.98315
13 88 72.93671
13 89 86.51110
13 90 97.50021
13 91 112.83593
13 92 63.05287
13 93 64.22770
13 94 74.13038
13 95 97.74197
13 96 59.31678
13 97 105.54984
13 98 79.22112
13 99 95.89796
14 15 97.56341
14 16 57.83981
14 17 32.98955
14 18 94.03833
14 19 95.03090
14 20 72.59731
14 21 119.40677
14 22 97.36476
14 23 94.98736
14 24 41.59340
14 25 92.56437
14 26 84.10349
14 27 98.34262
14 28 81.78990
14 29 118.89592
14 30 100.25990
14 31 66.51006
14 32 116.98764
14 33 118.55127
14 34 15.63319
14 35 115.61823
14 36 70.71030
14 37 127.94066
14 38 127.32396
14 39 111.43552
14 40 55.17397
14 41 98.72140
14 42 90.70904
14 43 50.31675
14 44 123.86043
14 45 76.97826
14 46 96.81927
14 47 92.19588
14 48 129.18263
14 49 68.87339
14 50 106.92677
14 51 103.77628
14 52 71.26427
14 53 82.52968
14 54 69.57204
14 55 97.62189
14 56 32.23369
14 57 111.08580
14 58 65.65305
14 59 86.02627
14 60 93.88994
14 61 111.90486
14 62 81.30931
14 63 104.78566
14 64 77.82265
14 65 109.76129
14 66 88.21305
14 67 63.67818
14 68 115.22754
14 69 103.60353
14 70 136.99579
14 71 68.69073
14 72 87.06471
14 73 107.19767
14 74 38.88413
14 75 103.68677
14 76 105.33527
14 77 97.23807
14 78 101.92208
14 79 51.85604
14 80 115.77704
14 81 69.17253
14 82 44.05893
14 83 61.32553
14 84 107.52206
14 85 100.38712
14 86 80.77347
14 87 50.37520
14 88 103.21013
14 89 87.02693
14 90 52.09261
14 91 97.21800
14 92 87.55469
14 93 123.15447
14 94 91.32719
14 95 64.96956
14 96 99.58041
14 97 60.78232
14 98 93.20905
14 99 108.74982
15 16 112.21908
15 17 105.58411
15 18 153.94110
15 19 70.15919
15 20 63.89457
15 21 133.02477
15 22 62.85858
15 23 91.94363
15 24 106.47798
15 25 140.29056
15 26 125.85469
15 27 114.43932
15 28 139.28882
15 29 125.97932
15 30 84.52750
15 31 139.27225
15 32 132.32767
15 33 96.99090
15 34 104.57408
15 35 125.23119
15 36 109.29005
15 37 115.46285
15 38 127.02016
15 39 113.01672
15 40 90.38034
15 41 136.30559
15 42 71.67172
15 43 105.34792
15 44 134.97472
15 45 105.93017
15 46 86.15381
15 47 111.17819
15 48 98.40873
15 49 92.28439
15 50 160.66832
15 51 134.58652
15 52 71.61171
15 53 131.94373
15 54 109.86774
15 55 104.00950
15 56 106.97021
15 57 65.82814
15 58 74.40074
15 59 119.08114
15 60 118.68618
15 61 125.34167
15 62 103.25108
15 63 101.89160
15 64 110.48773
15 65 142.09045
15 66 106.74188
15 67 66.51205
15 68 120.36596
15 69 88.95770
15 70 129.31200
15 71 125.84571
15 72 128.30263
15 73 107.88082
15 74 67.98734
15 75 122.37643
15 76 124.45686
15 77 58.22953
15 78 86.81266
15 79 92.12159
15 80 130.06259
15 81 48.90337
15 82 75.22738
15 83 62.92819
15 84 84.84285
15 85 80.43697
15 86 86.67063
15 87 57.46113
15 88 99.49227
15 89 107.07797
15 90 117.83988
15 91 147.36963
15 92 93.70226
15 93 93.59163
15 94 104.14048
15 95 115.64569
15 96 81.63813
15 97 114.31641
15 98 110.46692
15 99 112.50984
16 17 82.80356
16 18 106.03082
16 19 111.97353
16 20 99.23743
16 21 137.42511
16 22 86.12224
16 23 129.49712
16 24 57.82536
16 25 114.37995
16 26 110.25061
16 27 139.61574
16 28 96.50233
16 29 105.36388
16 30 94.96349
16 31 78.25980
16 32 144.52528
16 33 137.18806
16 34 51.81493
16 35 123.78535
16 36 84.22637
16 37 121.22308
16 38 160.79652
16 39 101.07680
16 40 104.00933
16 41 112.84874
16 42 77.10229
16 43 94.33356
16 44 118.45010
16 45 80.11325
16 46 111.47338
16 47 122.98293
16 48 143.53427
16 49 106.60041
16 50 113.65604
16 51 119.58679
16 52 65.04774
16 53 64.88270
16 54 75.70840
16 55 109.00030
16 56 84.91715
16 57 116.79450
16 58 97.36087
16 59 101.08482
16 60 97.27361
16 61 128.93376
16 62 101.51237
16 63 99.92616
16 64 46.74017
16 65 146.24529
16 66 64.54981
16 67 107.82284
16 68 111.25542
16 69 77.14882
16 70 113.71695
16 71 80.52342
16 72 70.17547
16 73 82.62193
16 74 59.40961
16 75 138.30815
16 76 133.36441
16 77 111.72195
16 78 107.76948
16 79 77.56104
16 80 135.42934
16 81 97.01140
16 82 68.32116
16 83 69.25336
16 84 89.68641
16 85 122.19220
16 86 79.18137
16 87 80.50424
16 88 134.37746
16 89 102.86388
16 90 87.89753
16 91 110.80139
16 92 116.97605
16 93 134.09000
16 94 101.25396
16 95 67.99951
16 96 94.38878
16 97 43.06314
16 98 116.15868
16 99 143.92285
17 18 96.26302
17 19 92.22045
17 20 76.84775
17 21 118.69643
17 22 106.78864
17 23 81.69904
17 24 56.22942
17 25 101.58112
17 26 69.38564
17 27 91.02068
17 28 90.84440
17 29 128.15590
17 30 123.48869
17 31 71.59594
17 32 115.44642
17 33 115.44236
17 34 43.83391
17 35 134.84801
17 36 93.92888
17 37 137.22552
17 38 108.96468
17 39 114.07189
17 40 58.04549
17 41 87.59889
17 42 106.13354
17 43 40.01513
17 44 120.65022
17 45 94.87214
17 46 99.96962
17 47 68.27139
17 48 135.06685
17 49 56.50367
17 50 107.24895
17 51 90.69484
17 52 97.89331
17 53 102.78960
17 54 82.17415
17 55 97.09488
17 56 19.20073
17 57 129.95035
17 58 54.33322
17 59 81.22401
17 60 84.81533
17 61 127.15059
17 62 91.68568
17 63 110.50356
17 64 101.59213
17 65 109.87052
17 66 98.80289
17 67 56.92957
17 68 137.05119
17 69 113.67395
17 70 147.25124
17 71 59.79302
17 72 103.22047
17 73 122.36519
17 74 63.23173
17 75 110.07249
17 76 88.18295
17 77 104.53619
17 78 98.76547
17 79 64.06961
17 80 100.95214
17 81 72.79539
17 82 55.86514
17 83 84.06192
17 84 122.59957
17 85 96.77351
17 86 102.22144
17 87 56.32774
17 88 90.79552
17 89 78.61237
17 90 54.24981
17 91 104.00351
17 92 100.15350
17 93 129.76305
17 94 112.36340
17 95 89.81113
17 96 110.39794
17 97 84.33556
17 98 96.01257
17 99 88.40712
18 19 121.66911
18 20 104.12836
18 21 69.29057
18 22 127.81956
18 23 106.81030
18 24 62.21013
18 25 51.49319
18 26 59.46291
18 27 89.85236
18 28 28.43787
18 29 82.15466
18 30 119.88519
18 31 39.28522
18 32 77.31995
18 33 127.14266
18 34 101.33039
18 35 102.48292
18 36 89.09121
18 37 98.81414
18 38 116.62703
18 39 94.26975
18 40 119.42310
18 41 59.27711
18 42 112.77898
18 43 70.01601
18 44 111.51456
18 45 82.30589
18 46 88.83796
18 47 106.10725
18 48 118.26401
18 49 90.16511
18 50 26.57291
18 51 69.07809
18 52 125.12029
18 53 69.31441
18 54 98.06612
18 55 91.27047
18 56 97.49209
18 57 140.90942
18 58 102.34849
18 59 50.72098
18 60 110.87173
18 61 96.49332
18 62 98.61681
18 63 87.16877
18 64 94.66642
18 65 81.80828
18 66 107.52148
18 67 116.14505
18 68 107.11951
18 69 135.97060
18 70 112.16904
18 71 90.47624
18 72 79.34121
18 73 98.81340
18 74 118.94604
18 75 95.42590
18 76 83.16940
18 77 114.11618
18 78 119.91478
18 79 70.23089
18 80 90.01122
18 81 111.10699
18 82 81.12101
18 83 119.15612
18 84 121.41096
18 85 121.43369
18 86 92.58651
18 87 111.76804
18 88 100.66708
18 89 72.51012
18 90 51.29934
18 91 31.00232
18 92 102.51605
18 93 122.14610
18 94 94.57171
18 95 72.44340
18 96 100.56805
18 97 72.44525
18 98 76.74442
18 99 112.09594
19 20 38.86528
19 21 93.08380
19 22 60.55584
19 23 81.97141
19 24 83.58553
19 25 114.44225
19 26 88.12216
19 27 94.57966
19 28 118.71560
19 29 96.48612
19 30 96.50945
19 31 106.38412
19 32 97.99316
19 33 111.49320
19 34 108.03170
19 35 132.54944
19 36 101.39597
19 37 99.39537
19 38 104.90907
19 39 90.46857
19 40 110.14604
19 41 90.27946
19 42 82.92361
19 43 78.73122
19 44 125.74801
19 45 115.79529
19 46 54.84945
19 47 75.22409
19 48 101.46165
19 49 50.98637
19 50 131.22652
19 51 94.79239
19 52 104.73541
19 53 127.88792
19 54 125.26916
19 55 43.56721
19 56 90.71169
19 57 92.88488
19 58 42.50353
19 59 83.23475
19 60 67.38287
19 61 130.48199
19 62 69.44466
19 63 67.50176
19 64 97.30219
19 65 129.76561
19 66 109.42191
19 67 74.96452
19 68 133.18311
19 69 81.07744
19 70 107.85969
19 71 83.63455
19 72 128.89125
19 73 98.02153
19 74 88.29622
19 75 111.89621
19 76 84.96799
19 77 53.09867
19 78 89.51940
19 79 89.68057
19 80 97.64605
19 81 63.51266
19 82 67.83514
19 83 96.45271
19 84 69.70863
19 85 95.78438
19 86 86.60500
19 87 76.16277
19 88 79.50571
19 89 71.85323
19 90 93.91271
19 91 114.65549
19 92 105.24184
19 93 110.08302
19 94 109.54446
19 95 108.53542
19 96 77.17498
19 97 108.70094
19 98 107.68912
19 99 89.85069
20 21 80.71479
20 22 69.73857
20 23 72.94324
20 24 63.00205
20 25 85.97387
20 26 82.02011
20 27 69.85520
20 28 93.71668
20 29 94.03531
20 30 72.65444
20 31 90.19336
20 32 78.23603
20 33 102.18329
20 34 85.97687
20 35 100.63181
20 36 68.68302
20 37 93.35665
20 38 102.91399
20 39 95.30714
20 40 81.62597
20 41 91.34166
20 42 75.02986
20 43 57.19205
20 44 127.79461
20 45 90.16933
20 46 43.97952
20 47 82.88573
20 48 85.00308
20 49 40.39457
20 50 117.28918
20 51 96.24309
20 52 81.42983
20 53 107.25723
20 54 104.84560
20 55 51.22321
20 56 72.11560
20 57 70.01767
20 58 41.41005
20 59 75.65315
20 60 87.12527
20 61 97.24680
20 62 47.41708
20 63 69.92818
20 64 84.36616
20 65 99.36140
20 66 105.63804
20 67 54.02491
20 68 105.50333
20 69 94.00211
20 70 112.25377
20 71 86.79089
20 72 111.80676
20 73 93.33019
20 74 65.56493
20 75 77.54086
20 76 84.91376
20 77 38.24733
20 78 92.22605
20 79 61.15998
20 80 100.33278
20 81 42.78034
20 82 43.09014
20 83 71.87933
20 84 72.42545
20 85 86.09126
20 86 60.73650
20 87 57.11065
20 88 72.96205
20 89 71.51659
20 90 68.18523
20 91 92.94108
20 92 69.02090
20 93 94.30527
20 94 76.18969
20 95 79.14437
20 96 69.77241
20 97 88.15662
20 98 84.04944
20 99 88.99742
21 22 114.26955
21 23 88.62218
21 24 87.67554
21 25 61.62249
21 26 70.39597
21 27 63.64384
21 28 70.98030
21 29 70.12351
21 30 105.00921
21 31 87.20850
21 32 27.29467
21 33 111.50375
21 34 131.83450
21 35 93.40883
21 36 95.47130
21 37 70.42414
21 38 92.77068
21 39 89.58002
21 40 128.80026
21 41 68.87157
21 42 106.50498
21 43 80.70094
21 44 122.49033
21 45 99.23777
21 46 48.83849
21 47 102.18325
21 48 76.00297
21 49 77.78194
21 50 76.96051
21 51 74.38688
21 52 131.29974
21 53 106.90572
21 54 125.61832
21 55 63.85220
21 56 117.46887
21 57 114.24283
21 58 92.33808
21 59 55.69890
21 60 115.24072
21 61 86.15241
21 62 85.13049
21 63 65.31422
21 64 110.99522
21 65 74.26757
21 66 127.07459
21 67 108.19506
21 68 104.16299
21 69 135.18492
21 70 99.87244
21 71 113.45523
21 72 113.09702
21 73 97.77745
21 74 129.08173
21 75 73.44070
21 76 68.49113
21 77 78.36580
21 78 114.16216
21 79 82.06802
21 80 80.71287
21 81 96.73938
21 82 85.38405
21 83 123.94569
21 84 103.86814
21 85 108.71678
21 86 85.62897
21 87 113.27372
21 88 74.44411
21 89 67.95124
21 90 76.65581
21 91 55.49777
21 92 88.64394
21 93 96.30619
21 94 87.70856
21 95 94.54797
21 96 82.61498
21 97 104.76871
21 98 71.88974
21 99 95.12393
22 23 98.19161
22 24 87.32923
22 25 129.78572
22 26 105.42587
22 27 124.24059
22 28 120.75193
22 29 79.27206
22 30 79.17719
22 31 113.95856
22 32 126.09363
22 33 99.43011
22 34 103.79873
22 35 124.26865
22 36 106.61968
22 37 80.03671
22 38 126.68022
22 39 64.11176
22 40 117.35707
22 41 104.16994
22 42 37.12091
22 43 102.65499
22 44 98.63092
22 45 93.87474
22 46 69.45896
22 47 100.64452
22 48 98.53490
22 49 90.82254
22 50 130.14658
22 51 104.89632
22 52 75.38003
22 53 103.30513
22 54 100.76564
22 55 77.22788
22 56 111.13780
22 57 83.06522
22 58 71.83710
22 59 90.88554
22 60 83.33472
22 61 128.59238
22 62 99.02790
22 63 57.66104
22 64 75.92299
22 65 148.14444
22 66 67.28769
22 67 92.45213
22 68 111.45174
22 69 34.02802
22 70 74.92052
22 71 98.83202
22 72 98.45465
22 73 58.77943
22 74 79.52213
22 75 134.46515
22 76 108.84463
22 77 59.63267
22 78 65.54824
22 79 86.90305
22 80 107.47495
22 81 66.40891
22 82 67.51743
22 83 73.59843
22 84 40.33558
22 85 86.41364
22 86 72.48106
22 87 71.43758
22 88 98.73351
22 89 79.31478
22 90 109.48929
22 91 125.92731
22 92 110.99242
22 93 93.34261
22 94 103.90919
22 95 102.35332
22 96 47.76064
22 97 87.91046
22 98 105.74607
22 99 113.12468
23 24 94.29530
23 25 109.86738
23 26 61.64593
23 27 57.39685
23 28 100.99277
23 29 111.66866
23 30 121.42169
23 31 109.13072
23 32 86.74405
23 33 52.25280
23 34 106.87614
23 35 121.27547
23 36 118.98042
23 37 102.51181
23 38 39.02479
23 39 90.23959
23 40 79.20303
23 41 80.72402
23 42 94.74183
23 43 65.60263
23 44 93.90812
23 45 92.26083
23 46 68.36903
23 47 53.90612
23 48 79.75034
23 49 60.93196
23 50 106.69627
23 51 70.20161
23 52 112.95533
23 53 119.46403
23 54 91.77231
23 55 93.01500
23 56 90.82095
23 57 115.87250
23 58 54.78753
23 59 67.11868
23 60 107.98918
23 61 109.13154
23 62 112.11004
23 63 90.57795
23 64 130.07477
23 65 89.50608
23 66 104.48859
23 67 49.25470
23 68 124.78354
23 69 121.71961
23 70 127.62917
23 71 107.71281
23 72 111.25212
23 73 113.78233
23 74 100.54749
23 75 97.19112
23 76 48.91037
23 77 73.51863
23 78 62.59211
23 79 69.07114
23 80 55.41206
23 81 51.40823
23 82 67.95213
23 83 95.52887
23 84 118.99133
23 85 40.85783
23 86 103.03642
23 87 63.46474
23 88 18.11689
23 89 55.05557
23 90 82.24802
23 91 111.04366
23 92 84.48110
23 93 75.55840
23 94 109.39545
23 95 115.82387
23 96 84.11231
23 97 112.21178
23 98 59.07846
23 99 27.49744
24 25 64.07793
24 26 65.90691
24 27 88.79462
24 28 54.03835
24 29 84.13338
24 30 85.22865
24 31 34.74508
24 32 91.10969
24 33 118.00967
24 34 50.74744
24 35 98.55022
24 36 53.74314
24 37 99.36401
24 38 121.12858
24 39 88.14280
24 40 83.36631
24 41 72.36481
24 42 79.24551
24 43 44.07394
24 44 112.97414
24 45 67.96548
24 46 72.71905
24 47 89.78760
24 48 113.37914
24 49 60.23756
24 50 78.07169
24 51 82.54469
24 52 78.22005
24 53 62.39921
24 54 77.53020
24 55 68.84634
24 56 53.51206
24 57 104.07038
24 58 64.39278
24 59 58.74880
24 60 79.64389
24 61 96.99330
24 62 60.73393
24 63 74.46551
24 64 53.38961
24 65 97.73182
24 66 81.97152
24 67 79.24542
24 68 98.55492
24 69 94.25453
24 70 107.18339
24 71 57.04198
24 72 73.10431
24 73 81.59307
24 74 61.68098
24 75 90.85707
24 76 89.68473
24 77 83.94131
24 78 99.45156
24 79 43.42660
24 80 100.31886
24 81 73.45451
24 82 36.36987
24 83 72.84657
24 84 85.54465
24 85 103.42133
24 86 60.19299
24 87 67.12013
24 88 95.14897
24 89 67.00280
24 90 34.08569
24 91 62.02929
24 92 83.43778
24 93 113.80373
24 94 75.21027
24 95 42.99702
24 96 79.69081
24 97 41.15499
24 98 81.31193
24 99 106.45233
25 26 84.06481
25 27 71.44627
25 28 38.18420
25 29 94.10127
25 30 95.58582
25 31 60.43982
25 32 54.86388
25 33 133.41440
25 34 101.55142
25 35 73.26794
25 36 55.94786
25 37 101.43330
25 38 126.25921
25 39 116.56877
25 40 107.86012
25 41 90.69126
25 42 114.21497
25 43 68.30801
25 44 143.53510
25 45 83.48367
25 46 79.33865
25 47 121.97056
25 48 104.43655
25 49 84.67164
25 50 73.60201
25 51 100.64296
25 52 113.74039
25 53 83.72789
25 54 110.66882
25 55 87.12891
25 56 94.99957
25 57 113.13575
25 58 102.58816
25 59 74.36497
25 60 127.64925
25 61 66.54551
25 62 69.97375
25 63 94.31664
25 64 93.28749
25 65 58.30796
25 66 128.95425
25 67 106.79148
25 68 89.54000
25 69 145.67570
25 70 125.87503
25 71 108.22420
25 72 100.08185
25 73 108.36532
25 74 108.73087
25 75 53.08406
25 76 100.14437
25 77 97.81210
25 78 135.51907
25 79 65.87688
25 80 114.93174
25 81 102.02055
25 82 76.82903
25 83 109.03651
25 84 116.11404
25 85 126.05231
25 86 74.26772
25 87 108.17516
25 88 104.43501
25 89 92.60489
25 90 48.22069
25 91 26.00125
25 92 72.22850
25 93 117.03316
25 94 63.63238
25 95 55.04108
25 96 101.68163
25 97 79.72163
25 98 77.08900
25 99 121.87270
26 27 70.43910
26 28 68.82617
26 29 89.82409
26 30 127.46557
26 31 61.83772
26 32 77.48098
26 33 95.88953
26 34 95.94057
26 35 125.42511
26 36 107.41566
26 37 99.85323
26 38 68.62052
26 39 77.03922
26 40 100.44291
26 41 26.35361
26 42 102.29648
26 43 46.43216
26 44 87.37095
26 45 91.82539
26 46 71.63957
26 47 47.99124
26 48 107.63342
26 49 53.88714
26 50 61.04379
26 51 26.31997
26 52 123.46919
26 53 96.51396
26 54 93.48705
26 55 72.99780
26 56 77.13078
26 57 137.12645
26 58 60.29203
26 59 27.04902
26 60 78.42308
26 61 115.79207
26 62 98.65263
26 63 76.60054
26 64 108.32174
26 65 89.88863
26 66 96.04633
26 67 81.85171
26 68 128.46776
26 69 116.78371
26 70 113.31992
26 71 68.34671
26 72 94.10570
26 73 102.39494
26 74 107.07845
26 75 102.49394
26 76 30.66569
26 77 94.89714
26 78 83.14547
26 79 66.43565
26 80 42.97483
26 81 82.65254
26 82 66.18623
26 83 110.85479
26 84 115.24244
26 85 86.46193
26 86 101.22482
26 87 84.74153
26 88 56.47489
26 89 30.53082
26 90 53.96200
26 91 73.67295
26 92 103.25115
26 93 108.35080
26 94 111.63357
26 95 97.69684
26 96 90.08704
26 97 90.20884
26 98 69.92567
26 99 58.25224
27 28 80.56603
27 29 115.28852
27 30 113.65066
27 31 97.68747
27 32 45.22828
27 33 93.83397
27 34 111.62170
27 35 97.37318
27 36 94.36252
27 37 108.15642
27 38 70.12709
27 39 116.36737
27 40 83.32395
27 41 89.24852
27 42 115.65437
27 43 56.86864
27 44 132.96689
27 45 95.97565
27 46 66.98203
27 47 87.06458
27 48 80.12083
27 49 59.64404
27 50 100.10934
27 51 88.31225
27 52 121.63541
27 53 119.63981
27 54 111.29765
27 55 89.05843
27 56 89.78357
27 57 111.13195
27 58 75.63220
27 59 73.28588
27 60 126.58980
27 61 81.14429
27 62 88.71913
27 63 100.26649
27 64 129.29137
27 65 43.82712
27 66 134.44524
27 67 66.97440
27 68 113.67903
27 69 149.18417
27 70 141.52905
27 71 116.75481
27 72 122.41075
27 73 126.71079
27 74 109.10464
27 75 48.20274
27 76 66.08267
27 77 78.78907
27 78 110.21130
27 79 67.65590
27 80 85.54490
27 81 72.49583
27 82 74.45758
27 83 107.37151
27 84 128.03784
27 85 86.52130
27 86 95.63756
27 87 87.08144
27 88 53.35326
27 89 77.44444
27 90 63.87228
27 91 81.86830
27 92 61.25578
27 93 92.45272
27 94 88.10618
27 95 98.98969
27 96 100.36475
27 97 112.81062
27 98 58.98295
27 99 68.56329
28 29 83.06739
28 30 100.26109
28 31 45.52160
28 32 73.49342
28 33 116.80381
28 34 88.08708
28 35 77.62690
28 36 69.17266
28 37 92.89947
28 38 117.94301
28 39 96.30602
28 40 101.38761
28 41 75.50111
28 42 100.36929
28 43 64.72311
28 44 114.10300
28 45 60.47935
28 46 82.14993
28 47 111.36034
28 48 104.26730
28 49 88.00767
28 50 43.83576
28 51 82.26482
28 52 104.35084
28 53 54.85056
28 54 82.22783
28 55 94.03024
28 56 90.91518
28 57 120.94318
28 58 98.72830
28 59 57.36286
28 60 119.59626
28 61 71.59721
28 62 90.14795
28 63 86.74094
28 64 85.38509
28 65 66.91304
28 66 101.81767
28 67 103.38337
28 68 83.56806
28 69 132.55948
28 70 112.35886
28 71 98.36945
28 72 67.72827
28 73 92.23261
28 74 102.21552
28 75 77.13301
28 76 90.73941
28 77 101.63358
28 78 115.19968
28 79 50.97581
28 80 98.06804
28 81 96.82891
28 82 67.43353
28 83 98.81219
28 84 114.01720
28 85 110.63160
28 86 73.74253
28 87 97.48833
28 88 97.42781
28 89 76.96069
28 90 41.97841
28 91 30.69778
28 92 78.58575
28 93 106.82463
28 94 69.82737
28 95 51.19765
28 96 90.49885
28 97 58.11070
28 98 61.32586
28 99 112.78976
29 30 87.39457
29 31 89.46750
29 32 93.10416
29 33 113.10755
29 34 126.29357
29 35 99.58807
29 36 100.85715
29 37 34.82617
29 38 125.77925
29 39 46.20061
29 40 143.99734
29 41 77.16010
29 42 68.49503
29 43 104.86627
29 44 92.89042
29 45 84.93665
29 46 61.01122
29 47 116.91586
29 48 88.26112
29 49 103.43244
29 50 80.06023
29 51 82.40569
29 52 109.29995
29 53 77.67748
29 54 109.77910
29 55 71.32929
29 56 130.93910
29 57 107.96806
29 58 102.17476
29 59 63.41592
29 60 102.22424
29 61 104.63100
29 62 101.28969
29 63 30.04305
29 64 74.92854
29 65 123.16778
29 66 84.39703
29 67 125.43839
29 68 89.80682
29 69 89.67151
29 70 33.25776
29 71 108.11033
29 72 80.20107
29 73 38.25126
29 74 120.11318
29 75 119.00123
29 76 97.27587
29 77 81.20957
29 78 94.84193
29 79 86.44420
29 80 93.57396
29 81 101.53915
29 82 83.63307
29 83 109.46287
29 84 63.34510
29 85 110.25726
29 86 69.69714
29 87 111.36430
29 88 102.06927
29 89 70.08543
29 90 97.69239
29 91 79.03963
29 92 111.07635
29 93 93.88084
29 94 91.20555
29 95 88.02394
29 96 49.87639
29 97 78.46579
29 98 88.69847
29 99 122.34635
30 31 112.20409
30 32 107.46101
30 33 121.55269
30 34 104.83385
30 35 63.82582
30 36 58.72713
30 37 80.47480
30 38 152.71175
30 39 105.70247
30 40 111.78125
30 41 131.22102
30 42 61.64555
30 43 107.29324
30 44 142.32121
30 45 75.39603
30 46 74.00130
30 47 143.23044
30 48 84.26722
30 49 107.19796
30 50 130.36305
30 51 136.23723
30 52 55.80397
30 53 88.46060
30 54 105.82482
30 55 94.90263
30 56 119.37904
30 57 34.39692
30 58 104.74575
30 59 108.33913
30 60 133.53139
30 61 76.28308
30 62 77.87581
30 63 81.60416
30 64 66.18981
30 65 119.26694
30 66 105.54423
30 67 104.47804
30 68 56.80648
30 69 100.11533
30 70 97.96104
30 71 130.70250
30 72 98.20864
30 73 72.73182
30 74 78.99360
30 75 93.43131
30 76 136.09129
30 77 60.43536
30 78 116.46044
30 79 76.79250
30 80 142.09358
30 81 79.63445
30 82 71.99295
30 83 63.86527
30 84 59.63066
30 85 112.47588
30 86 28.38507
30 87 89.05276
30 88 120.71822
30 89 111.63184
30 90 100.72611
30 91 103.25569
30 92 70.50953
30 93 90.12022
30 94 43.81814
30 95 63.93504
30 96 64.08475
30 97 76.80777
30 98 97.00233
30 99 144.27005
31 32 92.88480
31 33 135.08298
31 34 73.47057
31 35 112.83276
31 36 74.41938
31 37 110.66695
31 38 126.99931
31 39 97.25546
31 40 106.51064
31 41 63.18967
31 42 105.26665
31 43 55.70246
31 44 117.96310
31 45 84.97936
31 46 90.22482
31 47 97.48376
31 48 130.85507
31 49 75.98765
31 50 58.44065
31 51 76.99050
31 52 109.71462
31 53 68.22321
31 54 93.61069
31 55 80.47436
31 56 69.92854
31 57 133.82295
31 58 86.14088
31 59 58.04959
31 60 87.20414
31 61 109.54926
31 62 79.57257
31 63 87.14791
31 64 73.15282
31 65 99.51595
31 66 98.02260
31 67 104.37358
31 68 115.03897
31 69 116.96011
31 70 116.15900
31 71 59.30272
31 72 80.67935
31 73 96.93869
31 74 94.80174
31 75 101.95403
31 76 90.29806
31 77 109.98631
31 78 117.61024
31 79 65.17105
31 80 100.68420
31 81 102.04050
31 82 66.46669
31 83 104.74117
31 84 109.16197
31 85 123.47951
31 86 85.71198
31 87 96.63396
31 88 106.94922
31 89 73.44389
31 90 38.97221
31 91 48.81001
31 92 104.64127
31 93 132.94696
31 94 95.32333
31 95 60.08885
31 96 100.78371
31 97 57.44795
31 98 91.73649
31 99 115.17852
32 33 114.85355
32 34 129.96887
32 35 89.50305
32 36 90.64201
32 37 89.64402
32 38 92.52948
32 39 109.90771
32 40 118.34534
32 41 83.82933
32 42 117.41993
32 43 75.73893
32 44 138.62628
32 45 102.86514
32 46 57.96453
32 47 106.24686
32 48 78.25289
32 49 74.75075
32 50 89.34192
32 51 88.55712
32 52 132.51640
32 53 116.06801
32 54 128.89655
32 55 74.95567
32 56 111.91413
32 57 112.37952
32 58 93.53782
32 59 69.44441
32 60 127.10785
32 61 78.15353
32 62 81.21148
32 63 85.28381
32 64 120.91886
32 65 55.41936
32 66 140.35159
32 67 100.73466
32 68 106.72942
32 69 149.45834
32 70 122.84117
32 71 120.84924
32 72 123.66871
32 73 115.51482
32 74 127.07027
32 75 51.71097
32 76 75.04998
32 77 80.93649
32 78 124.58524
32 79 81.24831
32 80 92.40045
32 81 94.87418
32 82 86.86005
32 83 123.56340
32 84 117.31286
32 85 110.87299
32 86 89.84135
32 87 111.88634
32 88 74.93414
32 89 80.79073
32 90 72.68891
32 91 59.76519
32 92 76.47917
32 93 100.25095
32 94 83.91168
32 95 95.09123
32 96 96.01715
32 97 112.12666
32 98 71.56351
32 99 94.85358
33 34 125.71540
33 35 117.59017
33 36 137.12202
33 37 93.77645
33 38 70.78992
33 39 86.15121
33 40 99.15304
33 41 109.02554
33 42 84.77872
33 43 104.56405
33 44 77.79736
33 45 84.07363
33 46 86.90858
33 47 95.22950
33 48 69.22082
33 49 105.08804
33 50 119.30093
33 51 95.07767
33 52 108.95007
33 53 117.28033
33 54 82.83981
33 55 123.26649
33 56 126.96165
33 57 115.39108
33 58 92.52460
33 59 90.28764
33 60 137.90382
33 61 109.05106
33 62 142.94791
33 63 98.92560
33 64 139.07382
33 65 110.83791
33 66 94.41572
33 67 80.58813
33 68 112.31451
33 69 123.50687
33 70 119.43604
33 71 140.56754
33 72 101.89571
33 73 105.95880
33 74 114.24958
33 75 120.63660
33 76 86.72357
33 77 84.32246
33 78 50.20105
33 79 82.92900
33 80 76.65247
33 81 67.19853
33 82 87.36500
33 83 94.28141
33 84 122.94669
33 85 21.70693
33 86 107.56232
33 87 77.85851
33 88 57.33524
33 89 79.46639
33 90 112.96273
33 91 132.86824
33 92 93.86610
33 93 45.90807
33 94 113.38357
33 95 128.03159
33 96 76.98412
33 97 117.81072
33 98 60.35060
33 99 70.92757
34 35 120.06865
34 36 76.47454
34 37 135.74942
34 38 139.59438
34 39 118.37286
34 40 60.31598
34 41 109.72607
34 42 94.87064
34 43 64.80565
34 44 127.89149
34 45 78.57765
34 46 109.12178
34 47 104.60867
34 48 138.62984
34 49 84.38012
34 50 113.08794
34 51 114.40570
34 52 69.75863
34 53 81.36732
34 54 67.18994
34 55 110.73511
34 56 44.54068
34 57 117.25478
34 58 79.58827
34 59 96.93394
34 60 103.50613
34 61 117.68156
34 62 92.89089
34 63 114.34142
34 64 79.45290
34 65 119.41537
34 66 88.00825
34 67 75.15507
34 68 117.50065
34 69 107.02844
34 70 142.69164
34 71 77.41836
34 72 85.70840
34 73 111.21594
34 74 40.55086
34 75 114.24386
34 76 118.31597
34 77 108.19234
34 78 108.39377
34 79 60.07645
34 80 126.71912
34 81 79.44440
34 82 54.98522
34 83 62.07035
34 84 114.06738
34 85 108.06104
34 86 86.63158
34 87 58.08514
34 88 115.84032
34 89 98.38013
34 90 63.45579
34 91 105.87251
34 92 95.41660
34 93 130.17313
34 94 96.62537
34 95 67.97001
34 96 106.83065
34 97 60.44220
34 98 101.35088
34 99 121.19386
35 36 69.53420
35 37 86.57180
35 38 145.16426
35 39 121.04123
35 40 112.98471
35 41 133.34340
35 42 95.77719
35 43 109.85405
35 44 146.04527
35 45 64.11263
35 46 88.35857
35 47 154.78351
35 48 75.17938
35 49 121.46888
35 50 110.64078
35 51 135.70534
35 52 89.17570
35 53 83.62155
35 54 102.92110
35 55 120.27603
35 56 132.18744
35 57 77.42140
35 58 127.04034
35 59 107.45716
35 60 164.41579
35 61 20.95727
35 62 103.18489
35 63 103.49510
35 64 101.57359
35 65 80.16879
35 66 125.76090
35 67 116.16310
35 68 29.52096
35 69 146.56490
35 70 119.72203
35 71 153.04716
35 72 94.60573
35 73 97.81902
35 74 109.77448
35 75 67.37582
35 76 134.15506
35 77 88.49780
35 78 132.20103
35 79 74.31089
35 80 139.58299
35 81 98.68318
35 82 89.04192
35 83 89.80202
35 84 110.24227
35 85 115.85877
35 86 58.14225
35 87 109.09915
35 88 118.80676
35 89 118.58015
35 90 95.50048
35 91 85.14314
35 92 51.45355
35 93 82.65189
35 94 29.30720
35 95 66.65849
35 96 87.02586
35 97 87.50050
35 98 73.13284
35 99 143.97627
36 37 106.82915
36 38 148.24255
36 39 120.35452
36 40 92.41296
36 41 114.95337
36 42 92.69479
36 43 75.69015
36 44 151.73018
36 45 76.41872
36 46 82.29314
36 47 131.08324
36 48 109.32483
36 49 86.81419
36 50 108.85130
36 51 124.68460
36 52 73.48709
36 53 79.23837
36 54 101.97939
36 55 88.31529
36 56 83.95971
36 57 78.63761
36 58 95.69918
36 59 95.76198
36 60 122.85508
36 61 72.92476
36 62 49.07519
36 63 95.42918
36 64 62.82383
36 65 93.24319
36 66 116.47041
36 67 95.49541
36 68 77.76030
36 69 121.04653
36 70 124.36286
36 71 105.10546
36 72 97.28363
36 73 97.52922
36 74 70.58486
36 75 68.59864
36 76 124.37044
36 77 83.58576
36 78 131.74695
36 79 61.21855
36 80 137.69548
36 81 86.26985
36 82 61.38407
36 83 74.71110
36 84 91.09756
36 85 124.69202
36 86 46.08504
36 87 87.73592
36 88 119.10471
36 89 105.99535
36 90 61.85482
36 91 70.27116
36 92 64.09564
36 93 117.10828
36 94 43.69649
36 95 29.25643
36 96 92.37840
36 97 62.62440
36 98 93.59668
36 99 137.41751
37 38 117.03226
37 39 53.65139
37 40 139.98579
37 41 93.75912
37 42 63.27369
37 43 112.09947
37 44 94.11166
37 45 80.39987
37 46 54.84622
37 47 122.52525
37 48 59.07833
37 49 108.99785
37 50 94.93803
37 51 93.22783
37 52 105.89683
37 53 88.72912
37 54 108.90918
37 55 84.43256
37 56 140.79451
37 57 93.20901
37 58 105.92871
37 59 74.26275
37 60 122.61930
37 61 90.94440
37 62 110.60318
37 63 41.15816
37 64 93.37447
37 65 116.14624
37 66 91.83493
37 67 120.07768
37 68 76.56647
37 69 100.35147
37 70 44.41798
37 71 129.86714
37 72 87.14160
37 73 47.05277
37 74 122.84481
37 75 111.54518
37 76 99.90185
37 77 68.03627
37 78 88.17875
37 79 86.33279
37 80 94.54563
37 81 92.89763
37 82 86.66413
37 83 104.57962
37 84 69.25530
37 85 95.16157
37 86 68.10703
37 87 108.28687
37 88 92.81419
37 89 77.08445
37 90 107.36213
37 91 92.69491
37 92 98.40857
37 93 65.90668
37 94 83.82146
37 95 97.04117
37 96 38.18673
37 97 91.83390
37 98 76.86337
37 99 117.33456
38 39 104.28036
38 40 113.27311
38 41 83.52921
38 42 125.13428
38 43 89.20500
38 44 102.24096
38 45 120.78993
38 46 88.76311
38 47 62.23904
38 48 96.48133
38 49 83.03378
38 50 112.35909
38 51 69.47192
38 52 150.00102
38 53 143.90335
38 54 121.00377
38 55 108.91238
38 56 118.25730
38 57 147.93520
38 58 82.92166
38 59 78.51732
38 60 123.38718
38 61 131.11360
38 62 136.92470
38 63 107.71331
38 64 158.73056
38 65 100.01342
38 66 130.14415
38 67 85.60867
38 68 150.73149
38 69 148.34302
38 70 142.24339
38 71 126.10465
38 72 134.92700
38 73 136.58160
38 74 137.98466
38 75 116.12736
38 76 43.26247
38 77 101.78835
38 78 84.84333
38 79 99.99503
38 80 46.69029
38 81 89.36668
38 82 101.42834
38 83 133.31142
38 84 145.25806
38 85 69.56624
38 86 133.25021
38 87 101.70994
38 88 32.37397
38 89 68.27251
38 90 104.44682
38 91 123.70732
38 92 113.51876
38 93 96.59026
38 94 137.77705
38 95 144.24969
38 96 109.22638
38 97 140.53168
38 98 78.91843
38 99 23.95599
39 40 132.28691
39 41 67.53326
39 42 58.21587
39 43 100.25380
39 44 51.88333
39 45 83.54868
39 46 67.95430
39 47 91.46909
39 48 91.86713
39 49 97.57008
39 50 85.18159
39 51 63.67891
39 52 106.80644
39 53 84.59060
39 54 92.04690
39 55 81.31551
39 56 122.96529
39 57 118.73779
39 58 86.56863
39 59 56.83587
39 60 88.07343
39 61 121.90727
39 62 118.77441
39 63 39.51146
39 64 89.82147
39 65 131.95923
39 66 56.64385
39 67 110.32045
39 68 108.27892
39 69 72.34013
39 70 46.64062
39 71 98.98651
39 72 74.07819
39 73 45.89042
39 74 112.95614
39 75 134.41304
39 76 81.00611
39 77 82.81193
39 78 55.46292
39 79 83.69466
39 80 68.10187
39 81 88.01918
39 82 77.93260
39 83 102.01897
39 84 74.17976
39 85 82.72958
39 86 86.37675
39 87 93.92328
39 88 84.05694
39 89 50.07890
39 90 101.13649
39 91 102.44824
39 92 118.19365
39 93 84.94059
39 94 110.37498
39 95 105.09911
39 96 46.01105
39 97 83.88622
39 98 83.68412
39 99 98.31281
40 41 122.95428
40 42 106.10545
40 43 65.90604
40 44 135.88652
40 45 83.36652
40 46 105.52261
40 47 100.79120
40 48 117.21478
40 49 81.21024
40 50 128.90935
40 51 121.03485
40 52 81.63744
40 53 110.39919
40 54 74.59888
40 55 123.00770
40 56 60.56547
40 57 108.68526
40 58 77.80540
40 59 105.50261
40 60 131.38593
40 61 103.09634
40 62 105.54316
40 63 127.28169
40 64 119.37913
40 65 95.23724
40 66 113.41032
40 67 41.35992
40 68 117.98331
40 69 134.77144
40 70 161.83165
40 71 113.10262
40 72 109.38490
40 73 132.65909
40 74 58.66584
40 75 92.67803
40 76 110.53419
40 77 97.92852
40 78 104.67474
40 79 60.47342
40 80 121.23756
40 81 59.84541
40 82 63.37434
40 83 64.29567
40 84 133.47482
40 85 82.46123
40 86 97.63882
40 87 47.17907
40 88 92.80814
40 89 103.25205
40 90 74.29686
40 91 119.90503
40 92 69.31303
40 93 108.55000
40 94 95.08361
40 95 92.81825
40 96 111.72372
40 97 96.84088
40 98 83.71181
40 99 98.07064
41 42 103.93858
41 43 65.86769
41 44 85.29353
41 45 101.67269
41 46 73.95254
41 47 60.34064
41 48 114.57870
41 49 67.48619
41 50 57.97206
41 51 19.80635
41 52 132.76079
41 53 98.36460
41 54 106.65392
41 55 66.99506
41 56 94.07659
41 57 144.23413
41 58 72.58196
41 59 27.28970
41 60 70.44296
41 61 126.63908
41 62 102.81503
41 63 67.38705
41 64 105.25085
41 65 106.86879
41 66 96.18860
41 67 102.37186
41 68 133.87674
41 69 111.49252
41 70 99.71542
41 71 67.10757
41 72 96.82196
41 73 95.42854
41 74 119.73442
41 75 116.77322
41 76 41.60344
41 77 101.07983
41 78 89.18906
41 79 81.29207
41 80 46.65190
41 81 97.57513
41 82 78.26895
41 83 123.00996
41 84 109.68134
41 85 101.37707
41 86 105.27512
41 87 100.91136
41 88 72.13000
41 89 33.06887
41 90 68.99458
41 91 74.08932
41 92 119.06824
41 93 117.26861
41 94 120.05256
41 95 103.79441
41 96 89.81868
41 97 93.34712
41 98 84.65194
41 99 75.75473
42 43 98.65455
42 44 87.93148
42 45 61.77002
42 46 66.63756
42 47 110.17116
42 48 81.32573
42 49 97.22487
42 50 113.02879
42 51 103.10670
42 52 54.56006
42 53 75.65949
42 54 75.12014
42 55 89.02258
42 56 111.39749
42 57 72.15381
42 58 82.32252
42 59 83.63555
42 60 104.12527
42 61 101.48466
42 62 101.74162
42 63 56.66777
42 64 66.96626
42 65 129.77243
42 66 52.17857
42 67 90.64888
42 68 78.74326
42 69 57.11237
42 70 67.70627
42 71 108.80907
42 72 69.55935
42 73 39.51156
42 74 73.65321
42 75 119.83715
42 76 109.41515
42 77 58.23948
42 78 62.25219
42 79 67.11333
42 80 105.59552
42 81 61.21627
42 82 57.33799
42 83 54.43105
42 84 49.13545
42 85 75.27682
42 86 51.68819
42 87 65.40658
42 88 95.80474
42 89 78.01802
42 90 98.82616
42 91 111.24839
42 92 90.52945
42 93 70.36383
42 94 79.50925
42 95 82.29095
42 96 28.05845
42 97 66.41399
42 98 82.76949
42 99 114.73981
43 44 116.44238
43 45 83.18418
43 46 70.82526
43 47 63.42952
43 48 108.04485
43 49 32.76544
43 50 84.37778
43 51 71.20427
43 52 99.59885
43 53 93.48610
43 54 86.77880
43 55 72.03064
43 56 38.92248
43 57 114.54832
43 58 46.52980
43 59 54.94440
43 60 85.27339
43 61 100.16343
43 62 69.39227
43 63 88.33764
43 64 94.87611
43 65 77.35187
43 66 103.08072
43 67 54.56865
43 68 117.22580
43 69 116.97385
43 70 129.78398
43 71 64.92092
43 72 97.62198
43 73 108.86119
43 74 74.60644
43 75 77.29773
43 76 63.77740
43 77 83.28642
43 78 96.45288
43 79 46.84769
43 80 82.14865
43 81 63.69408
43 82 43.64319
43 83 86.30341
43 84 109.91301
43 85 89.28065
43 86 83.72651
43 87 61.86671
43 88 68.04118
43 89 58.63620
43 90 25.80643
43 91 71.65350
43 92 77.25790
43 93 110.48513
43 94 89.71434
43 95 74.22778
43 96 93.20438
43 97 78.48823
43 98 71.47393
43 99 73.72031
44 45 94.34969
44 46 106.31604
44 47 96.24946
44 48 116.08933
44 49 121.08870
44 50 94.17961
44 51 72.07972
44 52 126.41017
44 53 99.46263
44 54 84.04553
44 55 123.45298
44 56 135.48210
44 57 152.40492
44 58 107.03151
44 59 78.69095
44 60 113.60754
44 61 143.02354
44 62 156.70526
44 63 88.98027
44 64 125.17483
44 65 144.91583
44 66 59.64447
44 67 120.46768
44 68 132.25005
44 69 102.28221
44 70 91.61987
44 71 118.48708
44 72 78.61912
44 73 86.30181
44 74 130.50676
44 75 158.85504
44 76 90.83601
44 77 117.81084
44 78 51.30206
44 79 99.72423
44 80 67.98592
44 81 105.77504
44 82 100.55815
44 83 117.87038
44 84 120.28477
44 85 79.11369
44 86 121.51510
44 87 104.45532
44 88 93.07104
44 89 69.71758
44 90 119.14991
44 91 129.74550
44 92 138.17284
44 93 97.23218
44 94 139.10181
44 95 132.08064
44 96 83.81213
44 97 104.92834
44 98 91.55309
44 99 97.83110
45 46 81.56895
45 47 117.42036
45 48 83.77115
45 49 100.63564
45 50 82.72207
45 51 100.25693
45 52 60.76038
45 53 41.82002
45 54 40.73082
45 55 109.61301
45 56 100.18169
45 57 91.70403
45 58 96.50809
45 59 76.52026
45 60 129.14059
45 61 63.99699
45 62 106.64462
45 63 84.44003
45 64 79.22823
45 65 90.35916
45 66 68.99060
45 67 88.38756
45 68 52.86523
45 69 109.03904
45 70 100.45567
45 71 115.93435
45 72 39.35174
45 73 70.15786
45 74 77.09366
45 75 93.18597
45 76 106.75871
45 77 83.86123
45 78 85.17496
45 79 37.42303
45 80 105.30199
45 81 71.34159
45 82 54.60313
45 83 55.75956
45 84 97.14925
45 85 78.39552
45 86 54.68180
45 87 69.35983
45 88 95.02502
45 89 83.01070
45 90 72.24916
45 91 84.22227
45 92 63.67889
45 93 70.53870
45 94 56.18919
45 95 56.14814
45 96 63.12690
45 97 46.90549
45 98 49.46930
45 99 113.82233
46 47 85.83347
46 48 56.57288
46 49 58.91459
46 50 95.52094
46 51 76.41135
46 52 95.27299
46 53 97.39381
46 54 104.45735
46 55 45.38637
46 56 100.17638
46 57 77.37791
46 58 60.95297
46 59 54.73120
46 60 94.13386
46 61 85.32569
46 62 69.59450
46 63 39.35903
46 64 87.90348
46 65 91.11449
46 66 98.46832
46 67 78.02488
46 68 90.99027
46 69 95.94276
46 70 81.67867
46 71 99.25264
46 72 99.48516
46 73 71.91786
46 74 94.40102
46 75 78.61324
46 76 69.07856
46 77 32.38369
46 78 81.19518
46 79 62.87693
46 80 78.15610
46 81 57.35260
46 82 55.05858
46 83 87.54700
46 84 66.10090
46 85 78.67326
46 86 57.77015
46 87 77.18497
46 88 59.31042
46 89 53.56136
46 90 74.78955
46 91 78.38834
46 92 72.66998
46 93 71.35692
46 94 73.12931
46 95 83.40012
46 96 45.74336
46 97 87.76044
46 98 65.48996
46 99 83.13187
47 48 121.70910
47 49 52.46931
47 50 107.52690
47 51 54.57554
47 52 131.64230
47 53 129.08327
47 54 109.44135
47 55 82.81958
47 56 78.82936
47 57 144.16093
47 58 44.80244
47 59 65.25188
47 60 68.89622
47 61 145.27707
47 62 112.32658
47 63 93.99571
47 64 128.25998
47 65 120.42168
47 66 105.24693
47 67 71.19996
47 68 156.11569
47 69 111.86115
47 70 132.10503
47 71 72.13518
47 72 122.36779
47 73 121.98521
47 74 107.86790
47 75 126.43204
47 76 42.67405
47 77 98.31828
47 78 75.05247
47 79 89.23469
47 80 53.16597
47 81 78.74564
47 82 78.66314
47 83 116.39766
47 84 122.78801
47 85 81.13485
47 86 121.77789
47 87 79.53745
47 88 55.61564
47 89 49.25786
47 90 84.59398
47 91 116.50163
47 92 121.48395
47 93 119.49349
47 94 137.05283
47 95 126.75384
47 96 103.26466
47 97 116.87782
47 98 96.32271
47 99 41.12090
48 49 103.74249
48 50 118.11321
48 51 109.43928
48 52 105.86874
48 53 113.82722
48 54 110.84804
48 55 101.55956
48 56 137.81848
48 57 77.30844
48 58 102.42105
48 59 91.07796
48 60 145.99741
48 61 70.50403
48 62 114.03162
48 63 79.04447
48 64 123.51899
48 65 91.36558
48 66 117.76974
48 67 97.10010
48 68 77.61036
48 69 129.35860
48 70 100.76971
48 71 149.59242
48 72 110.91998
48 73 92.05930
48 74 119.83612
48 75 85.13295
48 76 99.10757
48 77 54.27627
48 78 92.10536
48 79 82.70968
48 80 99.78127
48 81 74.27428
48 82 87.52415
48 83 98.14930
48 84 98.88549
48 85 73.20267
48 86 77.68123
48 87 97.22956
48 88 72.91369
48 89 90.20706
48 90 108.94601
48 91 108.20155
48 92 67.85017
48 93 32.89408
48 94 76.64048
48 95 108.34769
48 96 60.74958
48 97 114.00470
48 98 59.95456
48 99 100.63020
49 50 103.03581
49 51 72.83494
49 52 106.83493
49 53 113.05320
49 54 106.54558
49 55 52.72684
49 56 54.16628
49 57 108.70517
49 58 27.19205
49 59 60.55626
49 60 71.93179
49 61 113.21201
49 62 62.52548
49 63 80.11572
49 64 100.60017
49 65 93.63842
49 66 110.29803
49 67 52.97105
49 68 128.35797
49 69 108.17875
49 70 125.47211
49 71 65.70097
49 72 115.76579
49 73 109.71278
49 74 81.35921
49 75 85.28154
49 76 58.35713
49 77 69.69684
49 78 93.00864
49 79 65.16266
49 80 79.68392
49 81 58.90204
49 82 51.45487
49 83 93.82042
49 84 99.46793
49 85 88.79994
49 86 87.79567
49 87 65.21449
49 88 60.55346
49 89 56.09084
49 90 53.91364
49 91 87.14276
49 92 86.78801
49 93 110.69541
49 94 99.74320
49 95 91.49216
49 96 89.47646
49 97 95.70460
49 98 84.47979
49 99 66.10953
50 51 61.93279
50 52 132.37173
50 53 70.06903
50 54 94.80406
50 55 103.21482
50 56 112.68580
50 57 150.81396
50 58 110.65986
50 59 50.65425
50 60 117.25442
50 61 104.66129
50 62 119.51285
50 63 88.34806
50 64 105.70279
50 65 92.05800
50 66 100.99146
50 67 124.31940
50 68 110.93291
50 69 137.29280
50 70 106.35131
50 71 101.18884
50 72 72.85826
50 73 96.52992
50 74 130.20813
50 75 111.62646
50 76 81.82638
50 77 121.25452
50 78 112.40768
50 79 78.34958
50 80 80.63538
50 81 117.07794
50 82 90.65010
50 83 125.90620
50 84 127.62469
50 85 116.96506
50 86 102.94034
50 87 117.75280
50 88 99.98932
50 89 70.48691
50 90 69.67762
50 91 53.03835
50 92 113.28503
50 93 117.72149
50 94 106.60759
50 95 88.67645
50 96 99.83103
50 97 79.93589
50 98 74.87927
50 99 110.48930
51 52 134.35838
51 53 102.31487
51 54 101.87591
51 55 78.48401
51 56 100.15214
51 57 146.58151
51 58 73.82403
51 59 30.32875
51 60 79.84770
51 61 127.71812
51 62 115.17639
51 63 71.64336
51 64 115.55125
51 65 106.98502
51 66 93.17216
51 67 99.38940
51 68 135.16789
51 69 114.19187
51 70 101.79612
51 71 79.21880
51 72 96.23252
51 73 97.94574
51 74 123.02505
51 75 120.78664
51 76 32.39684
51 77 101.57075
51 78 77.77903
51 79 82.26232
51 80 28.32002
51 81 94.64666
51 82 81.14002
51 83 122.99113
51 84 115.72415
51 85 89.36621
51 86 110.64708
51 87 98.57688
51 88 61.79850
51 89 28.19550
51 90 76.89455
51 91 85.63017
51 92 119.35776
51 93 108.78707
51 94 124.39267
51 95 112.46170
51 96 88.54446
51 97 99.70708
51 98 78.35181
51 99 63.48803
52 53 78.47670
52 54 69.77641
52 55 114.25817
52 56 98.68871
52 57 65.33839
52 58 95.71571
52 59 110.83409
52 60 127.82735
52 61 95.59319
52 62 98.78062
52 63 99.46889
52 64 69.16620
52 65 128.58113
52 66 78.93042
52 67 85.75812
52 68 76.23869
52 69 88.75814
52 70 116.03073
52 71 119.33023
52 72 80.21841
52 73 81.88616
52 74 42.24373
52 75 113.06792
52 76 136.55316
52 77 79.52225
52 78 98.01814
52 79 65.12902
52 80 139.31511
52 81 66.58044
52 82 59.62028
52 83 19.79056
52 84 80.94130
52 85 95.50463
52 86 53.36745
52 87 58.93873
52 88 119.77016
52 89 109.64294
52 90 96.61718
52 91 120.14460
52 92 77.88140
52 93 94.89220
52 94 68.11359
52 95 67.87930
52 96 74.33516
52 97 63.12593
52 98 95.84216
52 99 136.56119
53 54 59.69023
53 55 111.42034
53 56 106.76289
53 57 115.14236
53 58 111.23412
53 59 79.28538
53 60 123.20465
53 61 88.22858
53 62 109.91833
53 63 86.41808
53 64 62.03756
53 65 111.11475
53 66 67.20050
53 67 115.80722
53 68 70.16465
53 69 107.22508
53 70 93.78892
53 71 106.36124
53 72 25.24536
53 73 65.04246
53 74 91.12521
53 75 114.13685
53 76 118.81715
53 77 107.12141
53 78 104.73907
53 79 59.81514
53 80 116.69412
53 81 100.27039
53 82 70.60497
53 83 80.23643
53 84 98.51700
53 85 110.99873
53 86 65.72352
53 87 94.18307
53 88 119.58138
53 89 90.90232
53 90 76.19417
53 91 75.89767
53 92 95.45403
53 93 105.01804
53 94 74.47387
53 95 50.60202
53 96 78.40173
53 97 27.36048
53 98 79.34610
53 99 135.62285
54 55 126.56720
54 56 93.52008
54 57 117.60583
54 58 96.36631
54 59 87.03306
54 60 126.84721
54 61 99.82170
54 62 127.16299
54 63 104.58152
54 64 96.10588
54 65 111.27359
54 66 57.99979
54 67 85.22865
54 68 91.61267
54 69 109.38284
54 70 120.59657
54 71 111.46267
54 72 45.35570
54 73 90.48259
54 74 74.77570
54 75 119.91842
54 76 110.13110
54 77 104.89599
54 78 76.40925
54 79 52.57903
54 80 105.43281
54 81 76.63264
54 82 63.75031
54 83 60.05688
54 84 116.84193
54 85 73.99980
54 86 85.89730
54 87 62.51062
54 88 100.12920
54 89 87.51069
54 90 82.33946
54 91 109.50117
54 92 89.35282
54 93 90.02551
54 94 92.29540
54 95 81.67010
54 96 84.40202
54 97 60.58403
54 98 68.19685
54 99 110.07391
55 56 93.66698
55 57 103.50629
55 58 59.95343
55 59 62.55505
55 60 64.24934
55 61 118.88700
55 62 55.45946
55 63 49.55903
55 64 83.53106
55 65 115.78062
55 66 110.46514
55 67 94.93916
55 68 123.11382
55 69 91.92729
55 70 92.00838
55 71 73.63489
55 72 117.54725
55 73 86.75556
55 74 101.94218
55 75 100.84142
55 76 76.27644
55 77 64.93193
55 78 102.96143
55 79 84.81136
55 80 90.62101
55 81 82.80600
55 82 69.13490
55 83 108.72963
55 84 68.54616
55 85 111.22759
55 86 78.69148
55 87 94.37040
55 88 84.64111
55 89 61.96934
55 90 77.96500
55 91 81.65729
55 92 104.91682
55 93 115.28690
55 94 99.79697
55 95 92.36837
55 96 75.69936
55 97 95.61103
55 98 100.85774
55 99 98.21646
56 57 126.02942
56 58 58.10997
56 59 87.30863
56 60 87.99470
56 61 124.99667
56 62 79.15438
56 63 113.39343
56 64 98.85837
56 65 108.03873
56 66 110.22720
56 67 60.87850
56 68 136.95796
56 69 118.91042
56 70 151.89262
56 71 61.19935
56 72 111.34537
56 73 126.73074
56 74 61.82225
56 75 102.95554
56 76 95.84545
56 77 104.16749
56 78 112.05289
56 79 67.28962
56 80 111.98657
56 81 76.91075
56 82 58.03732
56 83 86.50182
56 84 121.95655
56 85 108.17648
56 86 99.60843
56 87 63.29485
56 88 98.42903
56 89 87.17854
56 90 51.20712
56 91 100.39527
56 92 97.39155
56 93 136.21231
56 94 108.14661
56 95 84.72160
56 96 115.04392
56 97 86.15005
56 98 102.18217
56 99 98.43256
57 58 104.23508
57 59 121.24527
57 60 143.76254
57 61 84.96152
57 62 87.56319
57 63 95.23342
57 64 94.72816
57 65 123.48746
57 66 120.93633
57 67 96.72744
57 68 75.60938
57 69 110.51241
57 70 116.21752
57 71 144.74002
57 72 120.48877
57 73 94.40166
57 74 84.05219
57 75 94.49598
57 76 139.57372
57 77 51.88270
57 78 117.13691
57 79 88.07078
57 80 146.77615
57 81 72.64126
57 82 81.24482
57 83 67.86596
57 84 73.58430
57 85 106.12300
57 86 53.40457
57 87 87.44361
57 88 116.69559
57 89 120.03106
57 90 114.35791
57 91 124.14053
57 92 68.54718
57 93 84.77805
57 94 60.62266
57 95 89.60332
57 96 73.67077
57 97 102.67303
57 98 102.55360
57 99 140.05043
58 59 64.50201
58 60 64.10868
58 61 120.69276
58 62 76.25084
58 63 75.96175
58 64 97.37662
58 65 109.53490
58 66 93.53494
58 67 44.38483
58 68 128.44409
58 69 88.86728
58 70 118.01660
58 71 65.13785
58 72 109.38693
58 73 100.88412
58 74 70.79462
58 75 101.97637
58 76 63.06028
58 77 64.22394
58 78 72.51668
58 79 65.11176
58 80 76.92533
58 81 45.54976
58 82 45.92307
58 83 81.84289
58 84 90.35072
58 85 73.84806
58 86 86.88323
58 87 48.87354
58 88 58.67197
58 89 52.07446
58 90 67.49113
58 91 103.08202
58 92 92.10930
58 93 103.06588
58 94 104.53475
58 95 96.91740
58 96 79.46794
58 97 93.01743
58 98 85.95673
58 99 62.69854
59 60 80.16536
59 61 100.90572
59 62 91.16068
59 63 53.35799
59 64 91.19316
59 65 88.21875
59 66 83.13178
59 67 86.76608
59 68 107.73669
59 69 103.70827
59 70 88.38279
59 71 74.40389
59 72 77.97367
59 73 78.16294
59 74 102.77808
59 75 96.59945
59 76 42.76369
59 77 80.79499
59 78 76.40642
59 79 57.43509
59 80 47.24040
59 81 77.58128
59 82 57.94810
59 83 101.03432
59 84 95.32957
59 85 82.89424
59 86 81.96169
59 87 83.10261
59 88 59.16561
59 89 22.46687
59 90 54.75156
59 91 61.01014
59 92 94.08630
59 93 92.97989
59 94 94.90038
59 95 83.70151
59 96 68.26733
59 97 75.26576
59 98 59.50941
59 99 71.43247
60 61 162.76422
60 62 97.14914
60 63 82.19839
60 64 95.89885
60 65 154.37939
60 66 98.45308
60 67 106.41853
60 68 160.50853
60 69 77.17275
60 70 112.27604
60 71 38.23441
60 72 122.96124
60 73 104.90620
60 74 105.35620
60 75 148.35872
60 76 88.79210
60 77 106.64198
60 78 99.29708
60 79 105.51444
60 80 95.88386
60 81 102.06639
60 82 85.85403
60 83 121.22335
60 84 94.43323
60 85 122.35255
60 86 114.87640
60 87 98.87508
60 88 106.21187
60 89 70.99453
60 90 96.68517
60 91 117.31084
60 92 143.90721
60 93 147.02831
60 94 141.32271
60 95 118.65485
60 96 103.40636
60 97 104.78240
60 98 129.29451
60 99 105.30463
61 62 103.02617
61 63 105.68216
61 64 110.57030
61 65 60.74784
61 66 128.46638
61 67 106.62138
61 68 45.51967
61 69 152.36037
61 70 127.33643
61 71 150.05177
61 72 97.20422
61 73 106.09623
61 74 110.14256
61 75 53.18974
61 76 123.03569
61 77 87.74323
61 78 128.55074
61 79 68.15735
61 80 129.87358
61 81 93.22137
61 82 85.79014
61 83 91.90175
61 84 118.93445
61 85 107.70361
61 86 66.22864
61 87 104.41964
61 88 106.86079
61 89 112.15356
61 90 87.07000
61 91 80.54057
61 92 40.40065
61 93 78.64194
61 94 36.61111
61 95 70.88020
61 96 90.58748
61 97 91.87019
61 98 60.77071
61 99 131.12402
62 63 86.47070
62 64 76.25543
62 65 105.84875
62 66 128.40056
62 67 91.56689
62 68 112.50257
62 69 114.28365
62 70 124.79836
62 71 87.96417
62 72 123.83492
62 73 106.80040
62 74 82.76131
62 75 77.55334
62 76 109.64256
62 77 74.47934
62 78 131.26039
62 79 79.59954
62 80 128.23074
62 81 85.55184
62 82 67.19315
62 83 95.99337
62 84 83.85664
62 85 128.32846
62 86 67.18305
62 87 92.52020
62 88 109.39423
62 89 96.71164
62 90 68.32909
62 91 79.27834
62 92 85.44405
62 93 128.41927
62 94 77.69682
62 95 68.45526
62 96 96.56577
62 97 89.42152
62 98 108.32904
62 99 124.43714
63 64 73.70860
63 65 118.13522
63 66 79.11478
63 67 102.71000
63 68 96.51321
63 69 74.05170
63 70 46.43398
63 71 92.79678
63 72 86.59711
63 73 43.96899
63 74 103.65932
63 75 110.58914
63 76 80.15359
63 77 58.75430
63 78 76.97239
63 79 76.10178
63 80 79.80063
63 81 79.08884
63 82 66.54510
63 83 96.32203
63 84 50.12590
63 85 92.31638
63 86 63.92352
63 87 91.03301
63 88 81.77229
63 89 52.26954
63 90 88.12624
63 91 83.54307
63 92 101.15344
63 93 85.28625
63 94 89.31963
63 95 87.73008
63 96 37.01204
63 97 79.29963
63 98 82.38789
63 99 101.21216
64 65 135.37794
64 66 78.85920
64 67 114.39169
64 68 90.73144
64 69 74.51002
64 70 86.74643
64 71 86.89120
64 72 75.87133
64 73 59.42861
64 74 74.17769
64 75 120.31535
64 76 128.00992
64 77 91.53008
64 78 113.75989
64 79 76.35020
64 80 132.44218
64 81 96.17973
64 82 66.32248
64 83 77.01823
64 84 58.48778
64 85 126.60921
64 86 51.97341
64 87 92.06471
64 88 129.44772
64 89 97.01799
64 90 84.72676
64 91 88.81863
64 92 105.73373
64 93 123.31253
64 94 79.04484
64 95 51.13727
64 96 75.40221
64 97 41.63638
64 98 109.99419
64 99 145.47478
65 66 144.88358
65 67 96.13506
65 68 101.22501
65 69 171.01990
65 70 151.86497
65 71 137.55252
65 72 117.40218
65 73 134.79465
65 74 123.67831
65 75 41.54813
65 76 94.32552
65 77 104.13931
65 78 132.73766
65 79 73.41234
65 80 108.23943
65 81 98.60404
65 82 91.32851
65 83 117.29433
65 84 146.04642
65 85 108.06417
65 86 100.71651
65 87 108.54583
65 88 86.20469
65 89 100.52966
65 90 69.36166
65 91 72.43134
65 92 60.29098
65 93 101.53239
65 94 81.02970
65 95 93.21242
65 96 115.06272
65 97 111.74439
65 98 58.81617
65 99 102.31099
66 67 105.40821
66 68 107.43996
66 69 63.24332
66 70 82.46287
66 71 97.38501
66 72 50.31404
66 73 58.04394
66 74 86.71200
66 75 146.87828
66 76 110.45216
66 77 101.04733
66 78 58.57012
66 79 77.56007
66 80 100.00850
66 81 86.73671
66 82 72.30357
66 83 76.19541
66 84 86.83639
66 85 85.41264
66 86 87.52100
66 87 77.03552
66 88 107.95698
66 89 77.46605
66 90 102.18002
66 91 119.49414
66 92 119.79585
66 93 99.49809
66 94 111.38933
66 95 96.30466
66 96 66.08699
66 97 63.45236
66 98 94.34554
66 99 117.68189
67 68 120.43694
67 69 114.37447
67 70 141.69135
67 71 98.76833
67 72 112.75844
67 73 118.30795
67 74 62.21579
67 75 89.69741
67 76 83.54974
67 77 70.02157
67 78 81.09677
67 79 58.98035
67 80 95.84348
67 81 32.02599
67 82 50.76464
67 83 67.29156
67 84 112.30910
67 85 61.09424
67 86 90.17033
67 87 33.02834
67 88 62.26217
67 89 78.27026
67 90 72.88622
67 91 115.22574
67 92 70.36779
67 93 92.80113
67 94 96.33739
67 95 98.58957
67 96 91.32501
67 97 100.25813
67 98 76.47054
67 99 68.16261
68 69 130.88297
68 70 103.52898
68 71 151.59473
68 72 78.06674
68 73 79.32025
68 74 105.43015
68 75 91.74786
68 76 138.51996
68 77 88.80711
68 78 121.17265
68 79 75.04864
68 80 139.20390
68 81 98.03981
68 82 87.57156
68 83 80.51306
68 84 98.63309
68 85 111.17071
68 86 52.32747
68 87 105.72343
68 88 123.24602
68 89 116.74403
68 90 103.46619
68 91 95.14080
68 92 66.69341
68 93 76.51017
68 94 39.32784
68 95 67.36389
68 96 74.50700
68 97 76.96832
68 98 76.66711
68 99 148.19695
69 70 80.38683
69 71 94.02774
69 72 102.12244
69 73 66.23148
69 74 90.02258
69 75 159.37001
69 76 125.23552
69 77 91.66599
69 78 80.78061
69 79 104.51391
69 80 121.75657
69 81 92.91523
69 82 84.92924
69 83 90.31886
69 84 54.31065
69 85 110.28246
69 86 92.01134
69 87 89.73343
69 88 122.85972
69 89 93.17570
69 90 122.10146
69 91 138.23758
69 92 137.03352
69 93 121.75743
69 94 125.38416
69 95 112.96824
69 96 72.25200
69 97 91.14052
69 98 128.22925
69 99 132.90800
70 71 125.07655
70 72 90.88596
70 73 35.78454
70 74 132.12196
70 75 146.72450
70 76 117.97201
70 77 93.59126
70 78 95.21655
70 79 107.91611
70 80 108.98547
70 81 114.47287
70 82 102.18839
70 83 118.50156
70 84 62.53204
70 85 118.03619
70 86 86.62598
70 87 123.34520
70 88 119.41913
70 89 88.58124
70 90 125.25570
70 91 111.62830
70 92 132.47935
70 93 100.95705
70 94 112.08588
70 95 111.02710
70 96 55.48061
70 97 95.14433
70 98 109.74323
70 99 138.51152
71 72 109.75742
71 73 109.68373
71 74 91.99403
71 75 134.40782
71 76 89.50392
71 77 113.11444
71 78 108.08148
71 79 89.97807
71 80 100.13935
71 81 100.45425
71 82 74.79625
71 83 112.20780
71 84 106.46729
71 85 124.10140
71 86 108.57283
71 87 91.44274
71 88 108.33096
71 89 72.92545
71 90 72.08514
71 91 99.47129
71 92 131.94586
71 93 149.41553
71 94 129.59235
71 95 98.85548
71 96 109.88657
71 97 87.00208
71 98 119.94621
71 99 107.21178
72 73 63.16597
72 74 93.96478
72 75 124.68494
72 76 113.87149
72 77 107.83698
72 78 88.00521
72 79 62.19805
72 80 106.77824
72 81 96.39412
72 82 72.57130
72 83 79.15607
72 84 102.20322
72 85 97.18834
72 86 76.04816
72 87 89.22295
72 88 112.62302
72 89 85.17735
72 90 85.24532
72 91 91.15520
72 92 101.18071
72 93 95.86080
72 94 87.14390
72 95 70.38442
72 96 73.86967
72 97 41.71040
72 98 74.78623
72 99 127.02733
73 74 100.23972
73 75 128.06963
73 76 112.65485
73 77 78.34837
73 78 82.02449
73 79 80.13277
73 80 106.63394
73 81 91.08569
73 82 74.93195
73 83 85.38972
73 84 49.45435
73 85 100.87784
73 86 58.58562
73 87 95.77838
73 88 109.66241
73 89 79.40246
73 90 102.72821
73 91 98.13601
73 92 107.78526
73 93 87.25687
73 94 86.18249
73 95 81.86346
73 96 36.80769
73 97 63.36273
73 98 91.09122
73 99 129.28679
74 75 108.52756
74 76 121.88346
74 77 82.46256
74 78 98.18844
74 79 60.28089
74 80 130.10979
74 81 57.13824
74 82 46.43951
74 83 34.20993
74 84 91.32288
74 85 95.46272
74 86 68.99182
74 87 40.01537
74 88 109.69975
74 89 99.66354
74 90 78.39121
74 91 116.17592
74 92 81.98263
74 93 112.45016
74 94 83.67487
74 95 70.69088
74 96 89.15859
74 97 68.22140
74 98 99.82326
74 99 119.95293
75 76 106.67934
75 77 84.42243
75 78 136.95547
75 79 72.60326
75 80 123.91338
75 81 88.30920
75 82 82.81591
75 83 104.56751
75 84 126.51941
75 85 113.83802
75 86 81.38996
75 87 101.65260
75 88 94.21773
75 89 106.67440
75 90 70.95049
75 91 75.02671
75 92 42.97629
75 93 102.05907
75 94 60.47304
75 95 80.55992
75 96 106.99104
75 97 107.74812
75 98 73.76663
75 99 114.02905
76 77 91.61916
76 78 80.70060
76 79 82.16172
76 80 27.41902
76 81 83.84428
76 82 80.34782
76 83 122.49331
76 84 121.49664
76 85 80.04951
76 86 112.84074
76 87 92.87795
76 88 38.09877
76 89 35.57181
76 90 76.60672
76 91 92.14526
76 92 108.59145
76 93 102.58878
76 94 122.56631
76 95 118.47742
76 96 93.05495
76 97 113.28236
76 98 73.77325
76 99 37.77074
77 78 81.22803
77 79 68.21638
77 80 99.32251
77 81 43.71577
77 82 56.72211
77 83 72.10936
77 84 61.52937
77 85 73.71364
77 86 54.49205
77 87 67.01825
77 88 70.63610
77 89 75.10365
77 90 89.90218
77 91 102.53078
77 92 66.67480
77 93 65.26273
77 94 70.75850
77 95 89.15532
77 96 46.55429
77 97 94.53430
77 98 75.92408
77 99 93.89058
78 79 80.63239
78 80 67.83060
78 81 63.96806
78 82 73.69116
78 83 85.96243
78 84 97.09584
78 85 41.11593
78 86 100.14176
78 87 66.15636
78 88 66.84534
78 89 59.22292
78 90 106.63061
78 91 129.39096
78 92 111.40035
78 93 73.42158
78 94 119.63841
78 95 120.00899
78 96 62.14186
78 97 99.69251
78 98 79.67178
78 99 74.30753
79 80 89.03761
79 81 49.28714
79 82 25.53402
79 83 53.34177
79 84 92.54007
79 85 70.70619
79 86 52.18031
79 87 48.11258
79 88 72.56533
79 89 62.91258
79 90 40.83664
79 91 69.99419
79 92 51.05429
79 93 77.84566
79 94 56.37595
79 95 49.66221
79 96 64.75320
79 97 49.98773
79 98 43.94823
79 99 89.11140
80 81 91.05264
80 82 88.85224
80 83 125.91923
80 84 123.62051
80 85 74.29868
80 86 118.81462
80 87 98.67815
80 88 45.91541
80 89 36.50383
80 90 91.88592
80 91 103.63477
80 92 119.25986
80 93 97.10768
80 94 130.64868
80 95 127.17051
80 96 89.49476
80 97 115.31545
80 98 74.70267
80 99 45.85948
81 82 37.75190
81 83 50.11978
81 84 85.44494
81 85 48.71485
81 86 66.80315
81 87 26.90482
81 88 59.50263
81 89 68.54842
81 90 75.77885
81 91 107.95048
81 92 61.50504
81 93 68.93114
81 94 78.97887
81 95 86.96758
81 96 61.66663
81 97 85.91808
81 98 65.49495
81 99 75.24274
82 83 47.89116
82 84 76.21395
82 85 71.12965
82 86 49.42206
82 87 35.75675
82 88 71.80908
82 89 57.28757
82 90 46.76139
82 91 79.45908
82 92 62.87433
82 93 84.47365
82 94 65.71898
82 95 55.57692
82 96 58.54358
82 97 52.53052
82 98 62.12230
82 99 86.56611
83 84 85.58070
83 85 79.23806
83 86 56.18343
83 87 40.70397
83 88 103.92196
83 89 98.20401
83 90 86.61577
83 91 115.97701
83 92 68.36752
83 93 85.93965
83 94 68.61248
83 95 69.64743
83 96 71.18336
83 97 64.83417
83 98 83.57741
83 99 119.36656
84 85 112.50655
84 86 57.53660
84 87 93.96566
84 88 115.42575
84 89 92.03920
84 90 109.84267
84 91 112.18375
84 92 109.75970
84 93 103.16208
84 94 90.40435
84 95 89.76735
84 96 50.65765
84 97 83.82791
84 98 112.46113
84 99 134.51953
85 86 97.81384
85 87 57.56469
85 88 50.47700
85 89 70.18418
85 90 100.25562
85 91 126.64683
85 92 86.14414
85 93 53.28756
85 94 106.45177
85 95 117.13051
85 96 71.20463
85 97 106.92778
85 98 59.55093
85 99 62.62241
86 87 74.28244
86 88 101.78645
86 89 87.47142
86 90 75.22269
86 91 78.95335
86 92 60.40980
86 93 81.69823
86 94 34.38202
86 95 43.01268
86 96 50.27295
86 97 53.51934
86 98 75.64160
86 99 124.34999
87 88 74.98663
87 89 74.63242
87 90 73.33891
87 91 113.15205
87 92 73.33339
87 93 86.41436
87 94 87.63494
87 95 84.49994
87 96 74.20748
87 97 77.55911
87 98 75.22241
87 99 84.14280
88 89 48.36428
88 90 82.59385
88 91 103.61750
88 92 86.76126
88 93 74.12759
88 94 108.44588
88 95 116.06728
88 96 80.30146
88 97 113.70598
88 98 57.53400
88 99 28.24944
89 90 66.72808
89 91 82.01904
89 92 99.33203
89 93 89.15112
89 94 104.25581
89 95 95.90189
89 96 64.42197
89 97 84.07563
89 98 65.13191
89 99 57.90193
90 91 51.47845
90 92 73.00604
90 93 111.89857
90 94 77.12032
90 95 55.52747
90 96 92.95148
90 97 63.99453
90 98 67.88054
90 99 92.58308
91 92 89.04281
91 93 118.93111
91 94 76.73995
91 95 61.13148
91 96 97.05411
91 97 75.13710
91 98 78.47208
91 99 119.85134
92 93 73.39991
92 94 40.66708
92 95 69.49971
92 96 84.03322
92 97 89.06212
92 98 56.29756
92 99 108.56832
93 94 83.62417
93 95 110.25568
93 96 57.06945
93 97 107.50384
93 98 54.29227
93 99 98.63870
94 95 45.18729
94 96 74.47562
94 97 69.35134
94 98 70.86291
94 99 132.15602
95 96 83.25435
95 97 36.87579
95 98 82.61014
95 99 133.88397
96 97 73.24842
96 98 69.08578
96 99 102.76007
97 98 82.86375
97 99 128.57141
98 99 78.74364
