100 10
0 1 90.56591
0 2 125.48418
0 3 135.06798
0 4 117.08275
0 5 89.06495
0 6 127.35744
0 7 123.28299
0 8 159.56718
0 9 117.82314
0 10 124.27834
0 11 113.08781
0 12 143.80533
0 13 101.30225
0 14 93.90546
0 15 112.26009
0 16 122.55279
0 17 166.59567
0 18 116.13622
0 19 115.56774
0 20 97.47700
0 21 120.45092
0 22 153.50520
0 23 132.33336
0 24 129.39612
0 25 116.51231
0 26 167.53362
0 27 168.04457
0 28 134.71207
0 29 107.60532
0 30 103.28259
0 31 170.51437
0 32 143.85165
0 33 107.40657
0 34 126.53441
0 35 134.62770
0 36 122.85779
0 37 137.53221
0 38 145.70781
0 39 125.98707
0 40 141.68958
0 41 108.97712
0 42 133.94354
0 43 136.57431
0 44 132.19545
0 45 112.75366
0 46 118.92521
0 47 136.68686
0 48 131.34778
0 49 137.03577
0 50 142.42961
0 51 171.34531
0 52 182.31691
0 53 145.70180
0 54 137.72325
0 55 120.37294
0 56 98.82158
0 57 93.98931
0 58 158.59357
0 59 125.41097
0 60 105.10875
0 61 169.36491
0 62 122.25135
0 63 128.74254
0 64 157.41075
0 65 146.78119
0 66 126.35806
0 67 127.05028
0 68 130.71693
0 69 166.91870
0 70 124.64952
0 71 89.31908
0 72 142.75589
0 73 93.05193
0 74 119.80627
0 75 114.33938
0 76 120.41775
0 77 117.70877
0 78 143.82431
0 79 108.92266
0 80 130.82439
0 81 87.93717
0 82 179.07890
0 83 122.56097
0 84 119.10165
0 85 147.33351
0 86 130.59135
0 87 150.91574
0 88 170.58890
0 89 151.64479
0 90 132.77028
0 91 116.80626
0 92 106.82136
0 93 168.13289
0 94 96.27338
0 95 146.86951
0 96 125.61739
0 97 139.35544
0 98 167.32260
0 99 153.23903
1 2 152.23721
1 3 176.52751
1 4 135.55550
1 5 129.10515
1 6 128.39740
1 7 119.84563
1 8 162.04073
1 9 116.46036
1 10 127.84270
1 11 88.92599
1 12 136.55594
1 13 107.86815
1 14 113.83286
1 15 128.45378
1 16 139.09752
1 17 164.64841
1 18 121.80415
1 19 113.07142
1 20 101.15688
1 21 95.20245
1 22 146.53688
1 23 141.75214
1 24 121.43008
1 25 109.84328
1 26 130.51460
1 27 172.14311
1 28 140.05713
1 29 91.76837
1 30 122.39835
1 31 151.45744
1 32 108.22311
1 33 129.56532
1 34 154.33098
1 35 109.40704
1 36 133.96596
1 37 140.07716
1 38 102.97768
1 39 106.07366
1 40 155.49275
1 41 104.70358
1 42 137.30714
1 43 139.14447
1 44 162.77170
1 45 108.36156
1 46 110.44018
1 47 127.75684
1 48 118.72115
1 49 145.71353
1 50 124.43848
1 51 174.46477
1 52 169.56709
1 53 172.28964
1 54 157.68132
1 55 124.89498
1 56 123.11752
1 57 118.90192
1 58 167.08221
1 59 144.03041
1 60 101.84241
1 61 164.48254
1 62 121.60011
1 63 128.58598
1 64 105.35752
1 65 134.20004
1 66 108.64556
1 67 84.36520
1 68 116.46994
1 69 153.96626
1 70 127.01147
1 71 128.72090
1 72 133.66725
1 73 80.95045
1 74 111.45371
1 75 123.18844
1 76 134.01759
1 77 154.41093
1 78 112.92814
1 79 103.71804
1 80 147.55238
1 81 92.80891
1 82 184.13101
1 83 100.30019
1 84 137.84988
1 85 119.52061
1 86 102.20957
1 87 159.50330
1 88 167.81126
1 89 166.89059
1 90 142.57510
1 91 114.44067
1 92 141.32249
1 93 149.10657
1 94 110.01386
1 95 144.31271
1 96 127.59214
1 97 124.97103
1 98 155.31941
1 99 128.83812
2 3 131.01497
2 4 106.14588
2 5 145.96373
2 6 101.33043
2 7 121.96093
2 8 147.69194
2 9 109.78568
2 10 101.87875
2 11 142.42172
2 12 109.11551
2 13 149.30347
2 14 113.51781
2 15 134.67874
2 16 111.52795
2 17 136.24068
2 18 108.80589
2 19 129.20149
2 20 141.94940
2 21 142.78571
2 22 109.71912
2 23 135.27644
2 24 146.17654
2 25 145.17239
2 26 162.18690
2 27 119.32150
2 28 113.56255
2 29 160.29716
2 30 145.51768
2 31 148.84059
2 32 143.97775
2 33 158.96964
2 34 147.39384
2 35 121.53937
2 36 77.20516
2 37 164.10313
2 38 149.33824
2 39 134.63795
2 40 123.54715
2 41 102.52077
2 42 166.64160
2 43 140.54759
2 44 123.97446
2 45 151.16495
2 46 129.39331
2 47 133.99825
2 48 141.63303
2 49 127.80140
2 50 148.17354
2 51 100.84324
2 52 148.29250
2 53 113.31748
2 54 148.95815
2 55 132.69896
2 56 131.59688
2 57 127.57339
2 58 147.39615
2 59 136.54852
2 60 130.64079
2 61 81.94935
2 62 131.58958
2 63 137.02145
2 64 170.83406
2 65 149.12537
2 66 105.65784
2 67 134.66107
2 68 142.27090
2 69 149.13014
2 70 104.27171
2 71 126.30362
2 72 146.51289
2 73 161.94312
2 74 141.71820
2 75 86.94775
2 76 142.94121
2 77 124.27375
2 78 140.51619
2 79 134.05840
2 80 167.88890
2 81 130.05466
2 82 117.36769
2 83 151.00671
2 84 123.85207
2 85 151.54921
2 86 164.41107
2 87 130.12772
2 88 155.38095
2 89 157.87846
2 90 85.74611
2 91 96.05459
2 92 82.22300
2 93 131.89717
2 94 112.14120
2 95 122.96503
2 96 99.98997
2 97 157.19543
2 98 141.92299
2 99 117.38728
3 4 152.12708
3 5 145.50758
3 6 183.13870
3 7 154.75645
3 8 162.73607
3 9 137.13506
3 10 155.17149
3 11 194.56876
3 12 140.70665
3 13 171.80951
3 14 148.59839
3 15 133.74265
3 16 154.80832
3 17 183.77504
3 18 141.34306
3 19 143.09218
3 20 140.33995
3 21 162.15840
3 22 151.61127
3 23 128.64737
3 24 146.28740
3 25 128.04918
3 26 186.51125
3 27 214.94191
3 28 157.55110
3 29 151.94560
3 30 132.54471
3 31 191.88586
3 32 181.61481
3 33 156.37004
3 34 146.48264
3 35 188.96587
3 36 148.69086
3 37 147.99217
3 38 201.41298
3 39 163.36360
3 40 152.95120
3 41 145.97691
3 42 140.33777
3 43 127.44339
3 44 168.79861
3 45 140.65578
3 46 158.61688
3 47 176.72144
3 48 182.85182
3 49 134.45526
3 50 173.93730
3 51 175.81360
3 52 186.45018
3 53 159.38414
3 54 159.48029
3 55 182.22171
3 56 106.89967
3 57 142.06895
3 58 150.47183
3 59 129.40503
3 60 156.61099
3 61 164.63388
3 62 134.14677
3 63 142.94208
3 64 175.86090
3 65 186.68311
3 66 149.38875
3 67 175.53664
3 68 162.75290
3 69 171.59039
3 70 147.78136
3 71 153.48500
3 72 152.91862
3 73 185.98969
3 74 166.78088
3 75 130.24667
3 76 154.88567
3 77 136.06113
3 78 200.26436
3 79 180.20377
3 80 150.28903
3 81 165.57077
3 82 121.87006
3 83 173.00905
3 84 136.63171
3 85 149.73949
3 86 181.54146
3 87 157.79936
3 88 159.96846
3 89 168.50902
3 90 161.66463
3 91 150.83923
3 92 117.10017
3 93 161.49358
3 94 111.85577
3 95 146.61768
3 96 118.46034
3 97 153.89777
3 98 160.85522
3 99 188.16771
4 5 150.70148
4 6 123.63397
4 7 138.38863
4 8 127.92852
4 9 115.46261
4 10 79.84626
4 11 147.14699
4 12 142.85155
4 13 103.40854
4 14 102.58801
4 15 136.05191
4 16 112.46214
4 17 101.76301
4 18 141.14966
4 19 100.96338
4 20 156.07471
4 21 132.33548
4 22 119.66625
4 23 171.63586
4 24 159.40845
4 25 139.45872
4 26 171.42221
4 27 133.93951
4 28 165.43571
4 29 158.34599
4 30 162.01694
4 31 157.21330
4 32 118.42389
4 33 170.69125
4 34 156.54814
4 35 125.75983
4 36 147.11957
4 37 145.55556
4 38 150.39601
4 39 112.28725
4 40 163.92973
4 41 76.78633
4 42 150.91403
4 43 154.64258
4 44 130.24699
4 45 149.90364
4 46 108.41675
4 47 127.56346
4 48 163.04752
4 49 139.38136
4 50 146.72195
4 51 168.89105
4 52 193.23224
4 53 132.88251
4 54 151.09570
4 55 133.55855
4 56 104.33981
4 57 96.46091
4 58 190.12743
4 59 184.50415
4 60 120.27814
4 61 131.99515
4 62 140.81519
4 63 126.92304
4 64 169.70314
4 65 152.45952
4 66 130.60970
4 67 126.39123
4 68 136.38930
4 69 159.17644
4 70 136.59755
4 71 143.45229
4 72 140.52739
4 73 153.00641
4 74 124.52195
4 75 144.65723
4 76 111.37477
4 77 158.77966
4 78 147.98709
4 79 169.85056
4 80 181.65224
4 81 142.74852
4 82 152.21268
4 83 140.13037
4 84 151.30222
4 85 141.51854
4 86 142.70107
4 87 126.11163
4 88 133.80803
4 89 159.32077
4 90 139.86343
4 91 132.00258
4 92 127.60303
4 93 133.82172
4 94 145.64586
4 95 121.50549
4 96 69.23596
4 97 143.56859
4 98 163.10938
4 99 140.65790
5 6 175.77429
5 7 104.25896
5 8 161.55840
5 9 135.45781
5 10 152.17659
5 11 166.24635
5 12 122.15867
5 13 155.81310
5 14 139.72340
5 15 88.83645
5 16 134.87560
5 17 164.07309
5 18 101.49007
5 19 105.97080
5 20 112.28866
5 21 135.86734
5 22 148.29869
5 23 123.66661
5 24 146.65900
5 25 96.55305
5 26 155.68002
5 27 175.23557
5 28 144.33464
5 29 125.31716
5 30 91.89510
5 31 154.28261
5 32 137.21664
5 33 85.18414
5 34 131.69067
5 35 139.21555
5 36 146.93045
5 37 115.64525
5 38 148.02696
5 39 155.21481
5 40 149.80290
5 41 130.93875
5 42 94.87499
5 43 115.08734
5 44 136.91307
5 45 89.88369
5 46 111.82333
5 47 141.03516
5 48 134.37781
5 49 113.08070
5 50 158.92937
5 51 177.45273
5 52 143.52931
5 53 150.22292
5 54 87.88931
5 55 99.51715
5 56 97.99207
5 57 118.49999
5 58 147.05055
5 59 157.06642
5 60 95.76614
5 61 171.45067
5 62 92.23388
5 63 145.24513
5 64 175.50754
5 65 146.12234
5 66 142.64511
5 67 153.96718
5 68 142.04788
5 69 169.11635
5 70 129.03506
5 71 70.16152
5 72 131.76747
5 73 101.44592
5 74 105.57507
5 75 145.78337
5 76 138.28981
5 77 147.75150
5 78 131.42284
5 79 133.47720
5 80 140.90332
5 81 89.10903
5 82 167.68658
5 83 144.68358
5 84 147.70161
5 85 135.32635
5 86 112.37366
5 87 138.58891
5 88 162.43152
5 89 122.96844
5 90 137.80110
5 91 140.44760
5 92 95.59162
5 93 153.64212
5 94 119.03805
5 95 129.66563
5 96 153.91890
5 97 156.83307
5 98 151.53783
5 99 167.34494
6 7 132.32292
6 8 162.11421
6 9 130.12914
6 10 122.54155
6 11 97.57342
6 12 144.01184
6 13 120.92953
6 14 112.57240
6 15 157.79982
6 16 140.28522
6 17 152.67812
6 18 151.54738
6 19 159.55424
6 20 151.32993
6 21 129.88773
6 22 159.34705
6 23 152.64667
6 24 173.82268
6 25 171.60114
6 26 200.06070
6 27 118.69507
6 28 110.93354
6 29 135.10463
6 30 177.34251
6 31 149.84891
6 32 153.78909
6 33 188.27283
6 34 162.88493
6 35 96.67091
6 36 101.02100
6 37 179.16592
6 38 136.92731
6 39 157.14873
6 40 125.89526
6 41 96.97504
6 42 191.33722
6 43 179.45433
6 44 141.25417
6 45 185.30376
6 46 141.13812
6 47 138.43053
6 48 120.56298
6 49 182.45476
6 50 144.63252
6 51 137.68422
6 52 198.52498
6 53 162.92917
6 54 193.40649
6 55 157.87773
6 56 145.32611
6 57 141.43839
6 58 174.16873
6 59 134.50797
6 60 145.85173
6 61 128.08565
6 62 155.55832
6 63 178.68481
6 64 167.61670
6 65 138.63890
6 66 139.88901
6 67 113.84591
6 68 118.22105
6 69 154.02054
6 70 120.73293
6 71 137.69864
6 72 158.36563
6 73 163.28304
6 74 161.91862
6 75 120.27045
6 76 151.50124
6 77 145.10611
6 78 150.13496
6 79 125.92146
6 80 199.53969
6 81 126.03206
6 82 178.83208
6 83 121.66979
6 84 103.49081
6 85 187.81592
6 86 166.75085
6 87 183.58420
6 88 177.76424
6 89 165.61423
6 90 107.38656
6 91 122.73312
6 92 133.20239
6 93 155.44878
6 94 126.82235
6 95 160.44379
6 96 128.08266
6 97 139.46756
6 98 154.53650
6 99 96.19095
7 8 136.62114
7 9 136.38156
7 10 145.32387
7 11 152.19586
7 12 68.23411
7 13 170.32689
7 14 146.38278
7 15 98.50784
7 16 144.94057
7 17 139.66708
7 18 108.09632
7 19 95.87311
7 20 126.87888
7 21 97.63821
7 22 143.64938
7 23 134.69762
7 24 161.57713
7 25 99.41496
7 26 154.76314
7 27 150.49744
7 28 132.32837
7 29 106.95756
7 30 137.51680
7 31 125.12843
7 32 118.40941
7 33 148.80995
7 34 173.21558
7 35 91.02878
7 36 109.41272
7 37 145.50356
7 38 134.54057
7 39 153.42392
7 40 147.47118
7 41 101.01373
7 42 109.36789
7 43 121.96271
7 44 159.82811
7 45 123.43539
7 46 80.34380
7 47 140.14018
7 48 100.47516
7 49 142.67859
7 50 121.32384
7 51 167.57866
7 52 143.26694
7 53 177.15338
7 54 133.07025
7 55 109.77523
7 56 99.56700
7 57 118.91906
7 58 160.88803
7 59 154.32893
7 60 91.35979
7 61 128.03720
7 62 103.30533
7 63 165.98734
7 64 148.65309
7 65 143.29141
7 66 130.43269
7 67 134.92995
7 68 106.48045
7 69 167.76997
7 70 131.05132
7 71 104.89403
7 72 111.79568
7 73 144.87389
7 74 125.10712
7 75 135.66959
7 76 142.39470
7 77 168.21106
7 78 125.78748
7 79 131.09045
7 80 185.96521
7 81 95.63742
7 82 133.08368
7 83 131.96123
7 84 127.85130
7 85 116.66016
7 86 126.55877
7 87 167.90495
7 88 148.62737
7 89 131.59673
7 90 121.51082
7 91 145.28026
7 92 75.52869
7 93 104.72685
7 94 109.33468
7 95 129.94792
7 96 121.28772
7 97 141.06210
7 98 125.15832
7 99 118.87048
8 9 93.25636
8 10 131.05289
8 11 180.30624
8 12 118.84523
8 13 155.31631
8 14 174.80429
8 15 102.06746
8 16 162.95314
8 17 81.10190
8 18 134.44487
8 19 114.99761
8 20 167.65390
8 21 137.42354
8 22 130.28802
8 23 165.61668
8 24 130.09625
8 25 122.78568
8 26 169.64810
8 27 154.72377
8 28 163.58421
8 29 167.03416
8 30 143.21883
8 31 159.87279
8 32 107.31092
8 33 179.46170
8 34 169.77226
8 35 146.76303
8 36 170.80919
8 37 148.44891
8 38 187.37390
8 39 145.38411
8 40 146.21562
8 41 134.19658
8 42 116.30403
8 43 130.70001
8 44 129.63998
8 45 162.80573
8 46 87.34410
8 47 170.27385
8 48 151.54324
8 49 164.14461
8 50 80.38441
8 51 180.18082
8 52 188.92273
8 53 140.19380
8 54 124.30389
8 55 156.23199
8 56 117.61850
8 57 103.48560
8 58 164.67314
8 59 190.50816
8 60 144.70045
8 61 142.23677
8 62 158.76784
8 63 165.77104
8 64 160.06454
8 65 128.64545
8 66 146.88805
8 67 172.87106
8 68 153.88699
8 69 144.19548
8 70 135.84473
8 71 173.80327
8 72 82.71947
8 73 184.58304
8 74 118.46152
8 75 172.11516
8 76 157.52654
8 77 164.07005
8 78 136.96042
8 79 200.37404
8 80 169.35341
8 81 184.15590
8 82 160.57390
8 83 133.99388
8 84 147.50343
8 85 144.44287
8 86 147.33415
8 87 140.95232
8 88 87.50127
8 89 145.18159
8 90 126.61124
8 91 170.44685
8 92 140.06606
8 93 98.59081
8 94 130.32326
8 95 103.33737
8 96 137.77975
8 97 147.60625
8 98 125.55717
8 99 181.44652
9 10 81.45204
9 11 131.39421
9 12 113.05983
9 13 108.50264
9 14 121.58176
9 15 98.30738
9 16 129.57385
9 17 101.63196
9 18 99.41612
9 19 103.70753
9 20 109.88074
9 21 125.08450
9 22 83.17645
9 23 114.36616
9 24 77.37006
9 25 108.84773
9 26 131.08124
9 27 141.04170
9 28 113.94055
9 29 136.49254
9 30 98.26250
9 31 135.06786
9 32 87.98022
9 33 130.39249
9 34 101.21851
9 35 127.62417
9 36 133.64737
9 37 118.34190
9 38 135.82132
9 39 98.72421
9 40 101.59043
9 41 107.37486
9 42 124.50276
9 43 100.33509
9 44 103.28970
9 45 120.98204
9 46 94.73422
9 47 122.59673
9 48 127.72928
9 49 109.21398
9 50 104.04293
9 51 120.43362
9 52 138.68663
9 53 87.91590
9 54 105.98024
9 55 135.71149
9 56 113.44826
9 57 101.89902
9 58 117.89404
9 59 139.38943
9 60 113.93590
9 61 122.17922
9 62 118.68147
9 63 116.77624
9 64 124.46708
9 65 104.34002
9 66 99.52848
9 67 118.31099
9 68 127.42802
9 69 100.99230
9 70 75.34526
9 71 137.62158
9 72 99.46336
9 73 129.88838
9 74 76.25424
9 75 116.33178
9 76 145.41139
9 77 122.05701
9 78 101.23589
9 79 147.60982
9 80 104.58878
9 81 136.25868
9 82 145.86678
9 83 89.52270
9 84 125.01083
9 85 125.44279
9 86 105.43307
9 87 92.99586
9 88 103.19794
9 89 132.14522
9 90 92.84862
9 91 98.55276
9 92 127.62186
9 93 108.04650
9 94 95.43600
9 95 80.60099
9 96 115.27731
9 97 120.03319
9 98 111.46531
9 99 143.42009
10 11 130.14816
10 12 133.58723
10 13 105.07673
10 14 118.24488
10 15 147.49263
10 16 134.78970
10 17 106.24010
10 18 141.50600
10 19 92.93099
10 20 114.37741
10 21 139.33488
10 22 88.97923
10 23 149.11028
10 24 136.23956
10 25 148.90581
10 26 159.84535
10 27 150.59866
10 28 135.28183
10 29 144.51527
10 30 149.46948
10 31 157.69398
10 32 111.47557
10 33 171.80182
10 34 121.56593
10 35 135.21904
10 36 143.83217
10 37 139.96677
10 38 139.92960
10 39 79.94252
10 40 130.60048
10 41 92.40122
10 42 161.77209
10 43 144.75455
10 44 138.94432
10 45 139.15839
10 46 108.30016
10 47 134.87814
10 48 158.55220
10 49 127.02332
10 50 150.88640
10 51 137.71762
10 52 155.25224
10 53 95.09827
10 54 141.03787
10 55 129.16165
10 56 126.08266
10 57 95.97330
10 58 176.81654
10 59 170.96342
10 60 101.05128
10 61 122.75334
10 62 132.75838
10 63 118.01151
10 64 164.69939
10 65 151.67372
10 66 117.19569
10 67 114.40980
10 68 141.31865
10 69 145.51743
10 70 122.73823
10 71 140.95181
10 72 150.26552
10 73 146.89139
10 74 94.01592
10 75 129.34950
10 76 150.39650
10 77 160.77678
10 78 136.72562
10 79 160.69897
10 80 148.34770
10 81 132.23654
10 82 161.64301
10 83 116.89734
10 84 159.42001
10 85 143.78726
10 86 119.51683
10 87 107.26104
10 88 136.84537
10 89 165.07312
10 90 126.48483
10 91 112.55288
10 92 142.23833
10 93 130.56364
10 94 140.49727
10 95 121.86059
10 96 92.08588
10 97 157.00383
10 98 137.69118
10 99 126.29944
11 12 151.82964
11 13 103.85439
11 14 125.41290
11 15 169.84702
11 16 127.63706
11 17 184.69862
11 18 144.98723
11 19 158.64246
11 20 131.97673
11 21 113.43246
11 22 158.01855
11 23 142.16925
11 24 140.08983
11 25 160.09297
11 26 165.82503
11 27 163.19829
11 28 106.62476
11 29 113.02225
11 30 160.08507
11 31 181.38907
11 32 153.57541
11 33 174.13171
11 34 166.52715
11 35 116.67330
11 36 131.33655
11 37 161.04468
11 38 129.74986
11 39 120.00930
11 40 125.61211
11 41 113.45216
11 42 180.22232
11 43 192.40575
11 44 156.40291
11 45 151.25240
11 46 151.57805
11 47 161.47020
11 48 137.86852
11 49 186.02312
11 50 146.16393
11 51 149.24918
11 52 202.73402
11 53 159.53561
11 54 197.22731
11 55 133.37994
11 56 150.16547
11 57 128.59294
11 58 176.08115
11 59 125.47631
11 60 137.24538
11 61 151.64348
11 62 148.33081
11 63 144.02382
11 64 150.23148
11 65 136.51662
11 66 113.85833
11 67 98.95705
11 68 158.60818
11 69 155.83240
11 70 137.35529
11 71 145.44936
11 72 166.54253
11 73 123.82764
11 74 156.15213
11 75 102.26259
11 76 133.74695
11 77 130.04317
11 78 140.08850
11 79 109.55147
11 80 172.80408
11 81 126.04071
11 82 208.09264
11 83 133.97095
11 84 121.55058
11 85 176.88210
11 86 152.23453
11 87 178.24913
11 88 191.39433
11 89 199.57063
11 90 126.87634
11 91 118.68021
11 92 153.77362
11 93 182.08040
11 94 119.13943
11 95 172.47395
11 96 150.74559
11 97 158.01649
11 98 155.42664
11 99 117.64683
12 13 174.13176
12 14 151.68805
12 15 101.16338
12 16 129.30989
12 17 126.78624
12 18 84.84453
12 19 102.67309
12 20 133.83417
12 21 92.21190
12 22 101.00609
12 23 106.72833
12 24 131.31517
12 25 90.05153
12 26 125.77834
12 27 145.46181
12 28 110.75678
12 29 124.89703
12 30 133.75743
12 31 122.68813
12 32 108.20993
12 33 153.17827
12 34 163.85699
12 35 103.63391
12 36 118.59086
12 37 131.57407
12 38 142.89169
12 39 133.18542
12 40 117.05270
12 41 102.16965
12 42 100.56932
12 43 121.58521
12 44 145.76007
12 45 108.33245
12 46 86.55497
12 47 145.05905
12 48 108.01228
12 49 127.15055
12 50 115.80254
12 51 128.10066
12 52 122.95369
12 53 147.62488
12 54 126.39928
12 55 112.72697
12 56 105.23763
12 57 116.58922
12 58 129.28923
12 59 140.84315
12 60 97.70038
12 61 97.34817
12 62 94.00690
12 63 147.99750
12 64 133.07993
12 65 129.91675
12 66 107.44549
12 67 138.49046
12 68 135.66553
12 69 143.53816
12 70 114.17776
12 71 132.45734
12 72 105.14235
12 73 158.58351
12 74 121.77454
12 75 115.73238
12 76 139.00043
12 77 146.31364
12 78 113.98421
12 79 150.31252
12 80 164.22150
12 81 128.25276
12 82 103.12022
12 83 138.31772
12 84 123.80172
12 85 102.29124
12 86 126.85160
12 87 143.24313
12 88 117.32333
12 89 144.14523
12 90 102.66299
12 91 136.67322
12 92 81.36038
12 93 95.77820
12 94 93.64120
12 95 106.70125
12 96 117.99545
12 97 143.26762
12 98 96.29618
12 99 125.03355
13 14 99.62778
13 15 147.50294
13 16 120.05068
13 17 149.31671
13 18 155.01828
13 19 141.93323
13 20 138.12857
13 21 138.53123
13 22 148.54564
13 23 149.81902
13 24 143.68668
13 25 151.22386
13 26 181.17694
13 27 159.36893
13 28 140.17322
13 29 129.62859
13 30 145.72931
13 31 169.05305
13 32 136.17613
13 33 155.33932
13 34 122.69168
13 35 131.79362
13 36 163.38312
13 37 121.65234
13 38 131.30440
13 39 125.33454
13 40 138.40761
13 41 100.93835
13 42 161.33176
13 43 167.71101
13 44 121.07653
13 45 153.86305
13 46 143.36015
13 47 130.66696
13 48 160.14085
13 49 158.61087
13 50 154.89259
13 51 170.71945
13 52 211.59534
13 53 135.36626
13 54 167.43225
13 55 148.95428
13 56 117.23103
13 57 119.86949
13 58 173.96962
13 59 154.72810
13 60 141.47093
13 61 167.76996
13 62 139.14313
13 63 128.93022
13 64 162.04439
13 65 122.15224
13 66 136.62230
13 67 98.36596
13 68 134.90439
13 69 127.55882
13 70 122.99877
13 71 136.91721
13 72 146.62422
13 73 117.11462
13 74 129.30763
13 75 142.16862
13 76 115.30735
13 77 135.56578
13 78 146.71178
13 79 145.76357
13 80 161.07254
13 81 135.19894
13 82 203.49794
13 83 112.60040
13 84 129.66110
13 85 175.81100
13 86 130.38614
13 87 139.38422
13 88 160.52180
13 89 158.05608
13 90 140.97855
13 91 118.22462
13 92 163.76628
13 93 167.49945
13 94 139.09642
13 95 139.06467
13 96 129.47545
13 97 123.32016
13 98 158.02411
13 99 143.10081
14 15 131.22993
14 16 108.10635
14 17 149.46877
14 18 120.60989
14 19 144.46127
14 20 143.12477
14 21 117.12118
14 22 128.06354
14 23 127.76885
14 24 150.60291
14 25 131.01245
14 26 170.08458
14 27 131.16385
14 28 141.52675
14 29 142.99538
14 30 151.50533
14 31 128.11960
14 32 133.13647
14 33 129.46326
14 34 121.73991
14 35 121.68169
14 36 138.39839
14 37 144.77722
14 38 128.53835
14 39 134.33270
14 40 144.01556
14 41 79.23499
14 42 158.96942
14 43 154.79413
14 44 123.01770
14 45 130.19485
14 46 134.84943
14 47 80.11029
14 48 120.94209
14 49 117.94519
14 50 170.91617
14 51 136.62775
14 52 179.48289
14 53 154.07375
14 54 162.90839
14 55 159.69247
14 56 117.51361
14 57 137.58173
14 58 141.39952
14 59 128.78168
14 60 120.23058
14 61 161.16101
14 62 120.24784
14 63 146.70032
14 64 135.84970
14 65 142.90385
14 66 138.80243
14 67 111.47668
14 68 116.41205
14 69 151.18515
14 70 101.71437
14 71 130.53844
14 72 161.75513
14 73 127.40871
14 74 136.26248
14 75 123.73907
14 76 122.04069
14 77 125.75964
14 78 140.50449
14 79 141.50018
14 80 148.67035
14 81 110.47269
14 82 147.09592
14 83 113.81810
14 84 120.98750
14 85 145.63017
14 86 130.48851
14 87 149.93420
14 88 149.47659
14 89 149.03961
14 90 140.88419
14 91 111.14951
14 92 132.10040
14 93 171.46956
14 94 117.55738
14 95 136.28030
14 96 100.19771
14 97 104.87435
14 98 181.70506
14 99 141.11800
15 16 132.35086
15 17 117.53080
15 18 76.13557
15 19 108.29607
15 20 137.43843
15 21 115.31379
15 22 128.00966
15 23 118.12052
15 24 118.35017
15 25 60.76419
15 26 142.08548
15 27 141.22287
15 28 142.54082
15 29 136.71773
15 30 87.33681
15 31 114.51923
15 32 97.86083
15 33 92.37325
15 34 132.96367
15 35 119.64757
15 36 140.60851
15 37 114.31843
15 38 146.65596
15 39 154.60255
15 40 137.44882
15 41 116.97192
15 42 67.19110
15 43 79.34180
15 44 104.99738
15 45 109.74986
15 46 81.84158
15 47 116.22467
15 48 104.50999
15 49 107.73716
15 50 104.64026
15 51 161.50960
15 52 147.35651
15 53 147.72273
15 54 78.09998
15 55 133.85150
15 56 84.20393
15 57 118.52507
15 58 108.86185
15 59 149.02646
15 60 115.64451
15 61 150.81657
15 62 102.54223
15 63 152.00496
15 64 131.00426
15 65 105.13352
15 66 133.20384
15 67 148.60849
15 68 111.80750
15 69 130.35712
15 70 91.79330
15 71 115.43769
15 72 69.71741
15 73 127.81202
15 74 98.11595
15 75 146.38452
15 76 132.40323
15 77 131.99138
15 78 104.95443
15 79 151.54195
15 80 135.36418
15 81 125.32645
15 82 131.08018
15 83 113.00688
15 84 116.78316
15 85 112.18772
15 86 110.04665
15 87 129.10280
15 88 103.30678
15 89 87.79736
15 90 113.35014
15 91 136.59375
15 92 94.25106
15 93 108.38948
15 94 91.24703
15 95 80.67038
15 96 133.44986
15 97 104.12360
15 98 131.86842
15 99 166.85838
16 17 155.02162
16 18 98.74630
16 19 145.31606
16 20 169.41522
16 21 125.91179
16 22 119.66786
16 23 127.71204
16 24 140.15907
16 25 122.96959
16 26 133.78065
16 27 124.73724
16 28 124.12943
16 29 156.36922
16 30 140.75345
16 31 152.66104
16 32 137.93376
16 33 135.40044
16 34 158.27412
16 35 108.62205
16 36 133.49770
16 37 114.38570
16 38 127.06281
16 39 135.20067
16 40 134.78476
16 41 95.36234
16 42 135.77483
16 43 164.36539
16 44 99.63611
16 45 125.64237
16 46 146.98518
16 47 127.07912
16 48 155.51595
16 49 131.89867
16 50 156.80348
16 51 127.96844
16 52 182.19011
16 53 125.49773
16 54 152.95016
16 55 109.08880
16 56 111.80449
16 57 133.59395
16 58 140.99356
16 59 144.10246
16 60 143.55098
16 61 113.47395
16 62 106.92105
16 63 105.24519
16 64 161.12125
16 65 110.21524
16 66 96.42260
16 67 115.43988
16 68 161.86438
16 69 121.87041
16 70 109.66985
16 71 128.92107
16 72 134.55887
16 73 124.72234
16 74 150.76601
16 75 101.70016
16 76 57.62747
16 77 97.71961
16 78 123.66604
16 79 135.52815
16 80 175.75916
16 81 139.78667
16 82 148.48779
16 83 167.62991
16 84 118.45692
16 85 148.26164
16 86 151.82509
16 87 117.13795
16 88 152.94299
16 89 160.34262
16 90 107.66214
16 91 102.33286
16 92 108.45976
16 93 154.61523
16 94 121.58581
16 95 111.69239
16 96 124.41566
16 97 140.99484
16 98 142.90242
16 99 132.28862
17 18 139.19829
17 19 112.02048
17 20 175.86932
17 21 140.06059
17 22 102.58757
17 23 169.53348
17 24 160.39934
17 25 137.53993
17 26 172.86540
17 27 116.96754
17 28 170.73595
17 29 181.20511
17 30 169.52075
17 31 120.48118
17 32 82.20995
17 33 181.33266
17 34 155.86441
17 35 129.32909
17 36 179.10744
17 37 148.45093
17 38 163.41470
17 39 142.57622
17 40 154.86128
17 41 109.21770
17 42 137.66820
17 43 141.75909
17 44 123.06588
17 45 162.58444
17 46 82.94408
17 47 128.90440
17 48 143.36325
17 49 139.42665
17 50 132.48102
17 51 162.02510
17 52 168.19728
17 53 136.10455
17 54 122.26848
17 55 156.06236
17 56 127.75574
17 57 122.85054
17 58 169.86372
17 59 207.68788
17 60 126.29208
17 61 138.49055
17 62 147.85756
17 63 173.69821
17 64 164.63689
17 65 134.02374
17 66 158.67355
17 67 159.03603
17 68 138.19737
17 69 146.17686
17 70 125.35655
17 71 169.40904
17 72 118.89295
17 73 182.14360
17 74 102.29820
17 75 183.69127
17 76 161.78023
17 77 184.95212
17 78 122.74129
17 79 206.83415
17 80 180.20705
17 81 169.56671
17 82 148.64415
17 83 122.17897
17 84 167.56938
17 85 141.98828
17 86 123.29337
17 87 126.93458
17 88 76.08647
17 89 131.60344
17 90 135.24091
17 91 164.15907
17 92 150.43581
17 93 102.87871
17 94 157.71651
17 95 94.33508
17 96 121.04483
17 97 142.09898
17 98 144.13469
17 99 163.93237
18 19 121.20795
18 20 139.30760
18 21 106.51523
18 22 99.40176
18 23 103.76207
18 24 93.55579
18 25 69.94836
18 26 95.25494
18 27 127.83196
18 28 121.66647
18 29 148.30786
18 30 92.91325
18 31 122.02494
18 32 103.00227
18 33 88.57181
18 34 144.77544
18 35 112.66773
18 36 117.02259
18 37 127.86202
18 38 132.53952
18 39 129.29282
18 40 127.09605
18 41 114.37611
18 42 98.92844
18 43 106.89713
18 44 107.12668
18 45 86.20154
18 46 104.49683
18 47 116.23602
18 48 105.97321
18 49 95.53162
18 50 116.88229
18 51 116.18499
18 52 123.46362
18 53 130.76944
18 54 102.66380
18 55 114.04255
18 56 114.91671
18 57 126.29362
18 58 91.20885
18 59 129.97758
18 60 114.15938
18 61 121.86310
18 62 97.89275
18 63 125.12176
18 64 115.98650
18 65 108.14362
18 66 90.95972
18 67 136.01828
18 68 143.28804
18 69 129.48767
18 70 81.28507
18 71 125.26239
18 72 103.68504
18 73 116.31983
18 74 112.20050
18 75 101.31194
18 76 122.74147
18 77 104.20232
18 78 81.54538
18 79 129.49597
18 80 123.74745
18 81 123.66470
18 82 115.52535
18 83 136.82921
18 84 119.89279
18 85 98.88128
18 86 122.13300
18 87 116.68990
18 88 123.43890
18 89 136.78989
18 90 92.71979
18 91 105.98344
18 92 82.80553
18 93 127.28116
18 94 76.40728
18 95 88.68040
18 96 131.58876
18 97 129.25061
18 98 135.20306
18 99 151.69476
19 20 102.82401
19 21 121.94397
19 22 110.25392
19 23 153.15497
19 24 133.67941
19 25 99.35102
19 26 133.74059
19 27 173.80356
19 28 158.17928
19 29 124.14032
19 30 119.57189
19 31 152.70302
19 32 90.89091
19 33 145.42459
19 34 149.73647
19 35 130.95850
19 36 144.51974
19 37 125.69032
19 38 140.99260
19 39 96.62072
19 40 160.44824
19 41 104.05839
19 42 104.96242
19 43 103.50542
19 44 159.09680
19 45 101.75718
19 46 63.77446
19 47 143.32330
19 48 149.90045
19 49 114.89716
19 50 125.94788
19 51 179.53717
19 52 137.70644
19 53 137.53859
19 54 103.00684
19 55 99.96573
19 56 95.05399
19 57 81.10574
19 58 180.08582
19 59 184.33990
19 60 71.79848
19 61 136.94995
19 62 111.09641
19 63 116.71631
19 64 152.04500
19 65 155.58377
19 66 116.37312
19 67 129.75816
19 68 129.46745
19 69 163.31133
19 70 139.35268
19 71 122.66772
19 72 114.62104
19 73 129.89395
19 74 72.70352
19 75 145.24295
19 76 142.46776
19 77 178.29965
19 78 126.54372
19 79 155.63205
19 80 152.35551
19 81 115.59701
19 82 146.93822
19 83 126.93962
19 84 166.99821
19 85 92.73621
19 86 99.02394
19 87 116.50449
19 88 130.52863
19 89 146.93822
19 90 141.14365
19 91 135.72919
19 92 113.74354
19 93 98.66609
19 94 131.03540
19 95 110.56419
19 96 96.68946
19 97 154.80298
19 98 130.23982
19 99 143.22142
20 21 140.95557
20 22 143.43730
20 23 122.70919
20 24 128.40677
20 25 132.17142
20 26 162.33339
20 27 205.88411
20 28 123.93469
20 29 88.37169
20 30 106.22443
20 31 174.99448
20 32 143.39386
20 33 137.45116
20 34 113.97208
20 35 154.39813
20 36 133.59671
20 37 139.06752
20 38 142.80598
20 39 118.70005
20 40 132.72485
20 41 133.12810
20 42 147.20656
20 43 119.23022
20 44 175.42409
20 45 112.17812
20 46 123.44765
20 47 158.48372
20 48 145.51529
20 49 132.82410
20 50 156.64018
20 51 168.17680
20 52 138.67923
20 53 145.30376
20 54 138.01683
20 55 132.65120
20 56 126.68127
20 57 116.93109
20 58 165.33684
20 59 135.49500
20 60 93.82235
20 61 167.22086
20 62 116.91194
20 63 134.68152
20 64 158.06648
20 65 167.12317
20 66 128.42111
20 67 124.80291
20 68 132.87360
20 69 166.53502
20 70 134.76854
20 71 107.94221
20 72 153.99811
20 73 117.07994
20 74 101.64945
20 75 123.35908
20 76 175.56239
20 77 162.87296
20 78 151.88756
20 79 120.33773
20 80 120.83588
20 81 89.93623
20 82 182.28569
20 83 112.36558
20 84 152.82678
20 85 143.20412
20 86 112.97289
20 87 150.31880
20 88 179.19359
20 89 162.39211
20 90 144.57993
20 91 120.62068
20 92 135.88927
20 93 152.76311
20 94 115.57551
20 95 153.75084
20 96 139.48753
20 97 160.91896
20 98 139.31041
20 99 142.76932
21 22 126.09364
21 23 116.76687
21 24 133.78033
21 25 90.04853
21 26 141.98093
21 27 150.04414
21 28 130.68172
21 29 103.40415
21 30 153.92850
21 31 128.11279
21 32 107.27213
21 33 155.80495
21 34 168.31715
21 35 99.56720
21 36 148.26607
21 37 136.05025
21 38 140.25453
21 39 120.39830
21 40 132.57114
21 41 78.06068
21 42 109.87614
21 43 158.01210
21 44 151.76143
21 45 104.05895
21 46 91.08509
21 47 133.63100
21 48 86.23611
21 49 151.01256
21 50 119.84355
21 51 155.11220
21 52 177.49289
21 53 178.19412
21 54 163.16048
21 55 135.37860
21 56 99.00517
21 57 106.83442
21 58 144.87975
21 59 130.80933
21 60 92.14958
21 61 150.26616
21 62 110.50610
21 63 157.37440
21 64 97.46583
21 65 131.05969
21 66 127.50246
21 67 123.49745
21 68 129.07881
21 69 158.62251
21 70 128.04716
21 71 148.81339
21 72 127.67553
21 73 143.72232
21 74 133.08817
21 75 129.39212
21 76 115.04294
21 77 141.30626
21 78 123.28983
21 79 154.75574
21 80 161.20853
21 81 125.16529
21 82 142.73747
21 83 114.35912
21 84 112.06754
21 85 107.80767
21 86 116.81263
21 87 174.29211
21 88 119.97907
21 89 164.34279
21 90 139.35530
21 91 151.97829
21 92 122.38405
21 93 144.11087
21 94 90.51622
21 95 137.90036
21 96 112.99165
21 97 114.97023
21 98 143.88145
21 99 138.54367
22 23 119.57103
22 24 114.89569
22 25 116.70619
22 26 113.44537
22 27 138.45569
22 28 133.95891
22 29 165.96919
22 30 143.10851
22 31 124.98062
22 32 89.43098
22 33 151.69962
22 34 129.69344
22 35 134.25349
22 36 156.67743
22 37 125.68369
22 38 139.94086
22 39 95.02740
22 40 124.42361
22 41 102.79605
22 42 133.35191
22 43 131.36029
22 44 128.04143
22 45 107.15650
22 46 108.50690
22 47 119.81904
22 48 143.20134
22 49 87.57098
22 50 151.95032
22 51 100.45237
22 52 115.40710
22 53 100.22447
22 54 120.77508
22 55 135.14281
22 56 130.18724
22 57 125.95011
22 58 128.48897
22 59 165.19162
22 60 105.91744
22 61 111.45920
22 62 108.62879
22 63 120.70187
22 64 133.75671
22 65 135.42647
22 66 108.11369
22 67 132.20578
22 68 156.28540
22 69 127.43658
22 70 100.48977
22 71 159.87473
22 72 137.28130
22 73 155.14594
22 74 97.33966
22 75 127.72246
22 76 147.73618
22 77 148.52621
22 78 107.78925
22 79 177.86841
22 80 131.23343
22 81 150.39484
22 82 113.34819
22 83 132.76048
22 84 159.85449
22 85 106.64641
22 86 110.14783
22 87 88.27480
22 88 96.39872
22 89 157.96922
22 90 121.02102
22 91 118.55555
22 92 134.88313
22 93 121.89943
22 94 127.97762
22 95 87.01177
22 96 107.45155
22 97 146.65111
22 98 128.77020
22 99 145.83807
23 24 128.19162
23 25 112.13442
23 26 156.59196
23 27 168.15173
23 28 76.81216
23 29 113.90647
23 30 124.74480
23 31 129.29501
23 32 145.46603
23 33 127.89921
23 34 103.61304
23 35 133.69568
23 36 145.17328
23 37 103.28696
23 38 142.12260
23 39 155.41467
23 40 71.88337
23 41 117.50354
23 42 123.20602
23 43 138.10820
23 44 129.29083
23 45 108.15988
23 46 142.34904
23 47 132.84827
23 48 112.50468
23 49 119.25171
23 50 165.49626
23 51 107.12389
23 52 141.92577
23 53 141.76526
23 54 143.27063
23 55 152.04539
23 56 112.26611
23 57 148.27559
23 58 74.53480
23 59 80.28236
23 60 123.74554
23 61 148.31502
23 62 76.25813
23 63 154.89235
23 64 138.78731
23 65 120.31113
23 66 133.97697
23 67 133.26697
23 68 138.99702
23 69 118.41966
23 70 88.69878
23 71 124.04001
23 72 140.24905
23 73 145.07516
23 74 137.35649
23 75 112.20295
23 76 144.39008
23 77 108.10614
23 78 138.49284
23 79 145.73946
23 80 128.36665
23 81 123.36335
23 82 138.62546
23 83 124.03484
23 84 97.69534
23 85 148.94612
23 86 124.15044
23 87 148.72542
23 88 139.01085
23 89 135.12355
23 90 118.13603
23 91 125.32594
23 92 123.31219
23 93 156.94458
23 94 86.82959
23 95 125.42663
23 96 148.87941
23 97 120.01846
23 98 115.65465
23 99 143.86844
24 25 104.07465
24 26 103.19239
24 27 183.66139
24 28 139.81779
24 29 154.67503
24 30 87.67007
24 31 178.23306
24 32 121.92988
24 33 123.84103
24 34 145.76308
24 35 163.20897
24 36 151.55562
24 37 142.48407
24 38 165.39529
24 39 102.08195
24 40 134.32253
24 41 149.03244
24 42 128.19182
24 43 121.92872
24 44 138.50682
24 45 108.01687
24 46 129.64447
24 47 163.19478
24 48 152.39435
24 49 131.82565
24 50 108.56213
24 51 146.07230
24 52 159.47466
24 53 123.42956
24 54 131.76138
24 55 148.13654
24 56 141.29010
24 57 121.99249
24 58 122.37582
24 59 138.96024
24 60 141.94434
24 61 153.53882
24 62 142.57394
24 63 107.99747
24 64 113.72240
24 65 131.26526
24 66 92.17090
24 67 147.91684
24 68 175.45087
24 69 134.35184
24 70 114.48501
24 71 168.73065
24 72 120.19118
24 73 130.36501
24 74 116.88235
24 75 112.03992
24 76 152.80540
24 77 112.47126
24 78 118.50845
24 79 153.60605
24 80 85.17172
24 81 164.31000
24 82 164.88174
24 83 138.38492
24 84 144.69275
24 85 120.99173
24 86 138.58508
24 87 121.50185
24 88 137.92206
24 89 180.97806
24 90 124.47188
24 91 118.95632
24 92 143.43213
24 93 150.30026
24 94 88.64321
24 95 118.02393
24 96 149.95193
24 97 151.20430
24 98 144.80351
24 99 183.82304
25 26 105.52754
25 27 165.60822
25 28 147.65289
25 29 123.65085
25 30 94.88121
25 31 125.65455
25 32 92.55077
25 33 98.18436
25 34 150.35855
25 35 123.39036
25 36 147.59174
25 37 105.69626
25 38 139.30794
25 39 129.81937
25 40 148.30882
25 41 110.27876
25 42 48.64817
25 43 92.77314
25 44 136.93665
25 45 69.12538
25 46 87.49409
25 47 124.00304
25 48 115.68368
25 49 101.88329
25 50 112.25947
25 51 164.95219
25 52 144.60136
25 53 160.75288
25 54 104.87466
25 55 127.27550
25 56 81.14597
25 57 116.78933
25 58 117.43488
25 59 144.52225
25 60 103.94048
25 61 150.83693
25 62 87.34161
25 63 127.77173
25 64 99.10893
25 65 121.01015
25 66 113.53760
25 67 135.30009
25 68 126.82501
25 69 138.16551
25 70 110.45885
25 71 132.96967
25 72 85.15710
25 73 120.32478
25 74 105.70881
25 75 133.57643
25 76 116.56586
25 77 136.14484
25 78 108.15038
25 79 150.96114
25 80 131.31381
25 81 126.83028
25 82 119.07384
25 83 126.14589
25 84 128.27365
25 85 67.97760
25 86 103.37336
25 87 131.76529
25 88 107.55566
25 89 129.43246
25 90 134.44716
25 91 135.70633
25 92 102.74193
25 93 116.12142
25 94 86.11840
25 95 92.24420
25 96 119.43760
25 97 108.07040
25 98 133.62561
25 99 163.69737
26 27 183.60419
26 28 168.63916
26 29 176.25935
26 30 126.74023
26 31 165.19868
26 32 109.62478
26 33 135.45796
26 34 191.21103
26 35 148.16888
26 36 161.68091
26 37 148.27864
26 38 134.27075
26 39 117.07069
26 40 180.76059
26 41 152.52861
26 42 133.12454
26 43 135.71106
26 44 172.10417
26 45 99.84811
26 46 141.60448
26 47 155.66905
26 48 169.93970
26 49 122.79256
26 50 143.73743
26 51 159.24892
26 52 133.31093
26 53 160.20905
26 54 143.50540
26 55 129.43373
26 56 161.59995
26 57 161.79373
26 58 153.97119
26 59 186.33138
26 60 145.58258
26 61 141.17332
26 62 131.36613
26 63 104.54746
26 64 117.10675
26 65 145.37166
26 66 82.76040
26 67 137.62599
26 68 184.50949
26 69 148.75027
26 70 137.76308
26 71 179.15457
26 72 134.26401
26 73 127.48705
26 74 131.42622
26 75 132.49706
26 76 151.70087
26 77 166.02344
26 78 98.37421
26 79 155.98459
26 80 154.37096
26 81 164.21066
26 82 153.96388
26 83 174.85239
26 84 185.49915
26 85 88.88560
26 86 136.27463
26 87 121.03237
26 88 160.32045
26 89 194.15556
26 90 146.92708
26 91 124.22440
26 92 150.54129
26 93 140.62097
26 94 139.12750
26 95 117.11485
26 96 155.30109
26 97 170.75778
26 98 153.40224
26 99 169.23328
27 28 150.09370
27 29 199.47595
27 30 186.57272
27 31 112.63585
27 32 130.77426
27 33 174.70438
27 34 177.04211
27 35 97.46039
27 36 150.03304
27 37 177.34630
27 38 144.95158
27 39 181.67084
27 40 151.38554
27 41 118.07712
27 42 178.78374
27 43 181.26135
27 44 97.40050
27 45 186.41664
27 46 140.49484
27 47 113.55625
27 48 125.26961
27 49 162.08815
27 50 158.56091
27 51 125.61704
27 52 183.41205
27 53 154.98508
27 54 162.82922
27 55 158.16867
27 56 162.66693
27 57 168.70502
27 58 154.80559
27 59 187.58586
27 60 161.92026
27 61 129.38358
27 62 158.21750
27 63 194.35930
27 64 179.18901
27 65 115.88815
27 66 157.83572
27 67 154.63986
27 68 150.51808
27 69 146.49588
27 70 108.04207
27 71 160.17705
27 72 150.58778
27 73 174.56230
27 74 156.99731
27 75 163.35843
27 76 153.00174
27 77 156.78023
27 78 111.77567
27 79 174.17310
27 80 208.62868
27 81 161.34506
27 82 164.63435
27 83 152.10507
27 84 143.92958
27 85 183.12474
27 86 163.14478
27 87 158.38702
27 88 146.22023
27 89 144.68604
27 90 105.57361
27 91 145.32750
27 92 141.10236
27 93 152.30901
27 94 157.77847
27 95 126.05410
27 96 157.19713
27 97 149.32278
27 98 170.43936
27 99 144.83990
28 29 113.20808
28 30 137.99277
28 31 149.44620
28 32 155.71895
28 33 158.79822
28 34 127.08385
28 35 112.75124
28 36 111.61456
28 37 128.92897
28 38 131.82523
28 39 154.31259
28 40 47.91672
28 41 117.95103
28 42 157.39735
28 43 159.12440
28 44 126.46928
28 45 146.81538
28 46 149.61763
28 47 152.13911
28 48 123.34529
28 49 155.75728
28 50 152.56067
28 51 94.52555
28 52 156.11499
28 53 126.30814
28 54 162.30692
28 55 132.58096
28 56 133.06688
28 57 143.89729
28 58 117.67244
28 59 89.68619
28 60 137.75130
28 61 114.16902
28 62 107.81705
28 63 154.27219
28 64 165.42203
28 65 110.72980
28 66 116.87242
28 67 117.98730
28 68 144.55798
28 69 113.55436
28 70 95.11005
28 71 115.61323
28 72 142.70953
28 73 146.98169
28 74 148.10999
28 75 90.03156
28 76 146.87296
28 77 108.33313
28 78 135.24905
28 79 116.06097
28 80 162.40471
28 81 121.86784
28 82 167.81206
28 83 132.87166
28 84 88.70415
28 85 178.36844
28 86 147.28647
28 87 153.63507
28 88 167.80762
28 89 151.68008
28 90 78.11192
28 91 107.01616
28 92 119.85036
28 93 150.84419
28 94 99.55327
28 95 138.37148
28 96 156.29004
28 97 146.69635
28 98 94.28403
28 99 104.18912
29 30 137.32803
29 31 162.59645
29 32 147.99385
29 33 158.51584
29 34 146.84991
29 35 122.61075
29 36 140.52621
29 37 121.59606
29 38 132.02106
29 39 145.42943
29 40 128.08936
29 41 109.84429
29 42 130.77585
29 43 149.26588
29 44 176.85713
29 45 125.54691
29 46 126.84882
29 47 159.06273
29 48 127.42741
29 49 165.60312
29 50 147.80161
29 51 182.72504
29 52 181.13506
29 53 182.16261
29 54 169.93161
29 55 135.92838
29 56 99.03186
29 57 123.15163
29 58 168.44209
29 59 120.32250
29 60 107.74191
29 61 167.48674
29 62 103.40784
29 63 155.78593
29 64 147.14548
29 65 146.53616
29 66 139.37428
29 67 107.37846
29 68 113.25436
29 69 157.01271
29 70 142.51035
29 71 110.88506
29 72 139.29427
29 73 128.61365
29 74 137.72409
29 75 131.78447
29 76 141.91884
29 77 159.56302
29 78 158.47412
29 79 121.34973
29 80 170.66745
29 81 94.12795
29 82 184.50162
29 83 113.30695
29 84 115.65243
29 85 151.27745
29 86 121.69374
29 87 182.60709
29 88 175.19791
29 89 155.96324
29 90 148.89375
29 91 142.98633
29 92 134.71477
29 93 150.84831
29 94 109.95779
29 95 160.61542
29 96 138.54057
29 97 131.55290
29 98 123.74821
29 99 120.95761
30 31 169.61691
30 32 132.41702
30 33 72.76865
30 34 125.91904
30 35 154.18332
30 36 134.07149
30 37 119.93379
30 38 148.07928
30 39 142.88689
30 40 142.91551
30 41 152.33954
30 42 107.61355
30 43 78.55025
30 44 130.10664
30 45 106.04649
30 46 128.55562
30 47 150.87547
30 48 152.34171
30 49 113.39176
30 50 125.27715
30 51 167.51526
30 52 142.92474
30 53 128.96471
30 54 89.80132
30 55 126.01785
30 56 119.91226
30 57 130.43439
30 58 124.79759
30 59 143.47292
30 60 136.59441
30 61 159.99760
30 62 116.95895
30 63 113.85846
30 64 150.57478
30 65 125.87974
30 66 108.75623
30 67 144.47482
30 68 148.54491
30 69 132.47411
30 70 107.73633
30 71 112.36471
30 72 102.97960
30 73 95.98660
30 74 104.16728
30 75 123.80253
30 76 149.90540
30 77 124.01122
30 78 120.70142
30 79 120.68653
30 80 107.25704
30 81 126.65945
30 82 170.28598
30 83 138.73979
30 84 140.34471
30 85 132.90216
30 86 127.68021
30 87 113.38785
30 88 161.08195
30 89 134.65417
30 90 118.08971
30 91 108.06073
30 92 115.38024
30 93 137.96364
30 94 98.99080
30 95 108.69728
30 96 159.07251
30 97 146.50916
30 98 135.91698
30 99 174.64104
31 32 99.35632
31 33 149.48892
31 34 147.48726
31 35 96.55791
31 36 164.79265
31 37 141.28915
31 38 113.49736
31 39 182.01622
31 40 150.28725
31 41 108.02913
31 42 141.08260
31 43 136.58144
31 44 136.95496
31 45 149.63564
31 46 120.84784
31 47 67.72613
31 48 92.65382
31 49 118.02720
31 50 167.27281
31 51 138.16280
31 52 135.65381
31 53 181.72765
31 54 142.38538
31 55 172.18695
31 56 138.32822
31 57 180.16017
31 58 123.28253
31 59 173.28468
31 60 131.60094
31 61 152.81644
31 62 107.94836
31 63 195.80457
31 64 132.46753
31 65 118.34222
31 66 165.57539
31 67 133.62140
31 68 94.61215
31 69 131.08781
31 70 92.37331
31 71 150.35814
31 72 134.28207
31 73 162.74960
31 74 129.21973
31 75 174.53802
31 76 167.94038
31 77 181.66870
31 78 107.19315
31 79 175.27292
31 80 187.15788
31 81 132.36697
31 82 129.05872
31 83 109.07249
31 84 146.03926
31 85 139.18405
31 86 107.27945
31 87 158.71245
31 88 119.12539
31 89 98.98660
31 90 138.24960
31 91 148.43755
31 92 147.51595
31 93 124.73820
31 94 147.64865
31 95 106.32655
31 96 143.65512
31 97 96.38010
31 98 149.78618
31 99 138.01088
32 33 137.76175
32 34 148.55400
32 35 102.84010
32 36 161.40329
32 37 123.01988
32 38 112.02215
32 39 111.38993
32 40 153.34039
32 41 99.16753
32 42 107.94998
32 43 111.68002
32 44 132.56699
32 45 112.27843
32 46 67.44205
32 47 100.83353
32 48 117.72579
32 49 108.99655
32 50 112.92144
32 51 154.21176
32 52 132.27806
32 53 144.65442
32 54 107.69537
32 55 128.53355
32 56 119.82530
32 57 123.03120
32 58 146.82497
32 59 185.84137
32 60 98.81516
32 61 137.20602
32 62 113.37183
32 63 139.38475
32 64 106.68518
32 65 109.94828
32 66 119.27779
32 67 116.05456
32 68 117.96580
32 69 126.13580
32 70 104.21732
32 71 151.76398
32 72 97.48128
32 73 127.36433
32 74 68.58481
32 75 157.25246
32 76 144.36571
32 77 172.72626
32 78 68.20881
32 79 165.64047
32 80 150.71622
32 81 134.22418
32 82 143.87701
32 83 98.10745
32 84 159.47879
32 85 89.17698
32 86 71.74056
32 87 112.90488
32 88 92.63905
32 89 130.24335
32 90 129.07268
32 91 131.35983
32 92 141.89220
32 93 92.82958
32 94 132.41466
32 95 77.92165
32 96 117.99162
32 97 117.16582
32 98 131.59586
32 99 143.29398
33 34 128.12912
33 35 153.32544
33 36 154.23589
33 37 129.04460
33 38 140.35834
33 39 165.85638
33 40 164.73117
33 41 152.55690
33 42 118.56987
33 43 104.40788
33 44 128.05153
33 45 101.02182
33 46 143.85747
33 47 120.11401
33 48 141.61844
33 49 96.51144
33 50 163.83150
33 51 168.98183
33 52 145.25725
33 53 157.23073
33 54 101.05486
33 55 143.32501
33 56 132.52150
33 57 160.25768
33 58 115.77477
33 59 152.48828
33 60 139.94040
33 61 185.30850
33 62 112.55814
33 63 141.16061
33 64 149.83055
33 65 133.81058
33 66 137.89847
33 67 151.51758
33 68 147.70880
33 69 149.33344
33 70 106.19907
33 71 114.26048
33 72 134.43602
33 73 85.81977
33 74 119.31531
33 75 144.83067
33 76 150.18748
33 77 132.99413
33 78 118.24592
33 79 130.78839
33 80 118.15356
33 81 118.02972
33 82 169.38519
33 83 145.25409
33 84 151.86670
33 85 136.51276
33 86 123.31046
33 87 130.67406
33 88 168.61697
33 89 128.36174
33 90 141.99541
33 91 120.03785
33 92 127.66203
33 93 168.18945
33 94 119.23164
33 95 120.33810
33 96 169.30487
33 97 137.70874
33 98 174.98616
33 99 186.82613
34 35 165.61966
34 36 173.55008
34 37 116.71915
34 38 152.90686
34 39 157.95926
34 40 110.26361
34 41 136.05995
34 42 157.16937
34 43 132.37805
34 44 122.69991
34 45 140.19737
34 46 150.17830
34 47 123.47486
34 48 150.41292
34 49 109.58681
34 50 190.03043
34 51 139.90096
34 52 151.96034
34 53 116.37002
34 54 125.47543
34 55 171.83527
34 56 132.33565
34 57 151.80928
34 58 123.74199
34 59 141.66057
34 60 132.44322
34 61 181.06207
34 62 116.47979
34 63 160.57739
34 64 177.34523
34 65 142.86359
34 66 164.85690
34 67 144.73990
34 68 137.06587
34 69 130.64488
34 70 97.90350
34 71 123.34082
34 72 162.39664
34 73 141.17899
34 74 109.29261
34 75 155.30238
34 76 177.09630
34 77 145.24495
34 78 154.01109
34 79 166.97662
34 80 112.09330
34 81 128.42661
34 82 179.58521
34 83 105.83492
34 84 147.16016
34 85 177.93153
34 86 113.87438
34 87 126.29061
34 88 150.95882
34 89 121.50099
34 90 142.46048
34 91 127.02378
34 92 160.89439
34 93 170.80524
34 94 138.30786
34 95 129.87086
34 96 156.72281
34 97 135.72052
34 98 152.10628
34 99 169.34106
35 36 115.79082
35 37 131.11945
35 38 80.06802
35 39 152.24518
35 40 132.85634
35 41 75.89493
35 42 136.84721
35 43 150.08168
35 44 125.84309
35 45 144.57332
35 46 109.82312
35 47 103.25154
35 48 98.41418
35 49 148.38596
35 50 128.34869
35 51 138.44380
35 52 160.31998
35 53 163.48883
35 54 153.28824
35 55 112.70318
35 56 117.39061
35 57 141.51102
35 58 150.94154
35 59 154.12642
35 60 120.43002
35 61 108.83669
35 62 103.55649
35 63 158.50732
35 64 139.50113
35 65 90.87283
35 66 117.53915
35 67 87.04877
35 68 98.78301
35 69 121.30809
35 70 100.42451
35 71 115.94998
35 72 112.30076
35 73 127.21478
35 74 131.60846
35 75 130.04291
35 76 116.35522
35 77 152.93535
35 78 91.37826
35 79 117.54299
35 80 199.08937
35 81 104.14294
35 82 154.22261
35 83 119.32823
35 84 112.07273
35 85 143.10828
35 86 119.97651
35 87 152.98622
35 88 147.76529
35 89 126.31921
35 90 97.06705
35 91 116.22416
35 92 113.33714
35 93 111.96745
35 94 125.56447
35 95 113.84347
35 96 127.64999
35 97 114.46034
35 98 118.56104
35 99 77.03606
36 37 177.67107
36 38 137.65067
36 39 158.43007
36 40 142.11981
36 41 128.50465
36 42 173.44543
36 43 138.32216
36 44 154.60387
36 45 160.94908
36 46 146.21277
36 47 153.20221
36 48 140.42247
36 49 156.02260
36 50 137.18567
36 51 135.89305
36 52 158.22696
36 53 156.56523
36 54 168.00092
36 55 133.32777
36 56 145.49492
36 57 149.91985
36 58 159.08887
36 59 125.58061
36 60 149.24893
36 61 101.40687
36 62 139.97221
36 63 146.93008
36 64 167.08034
36 65 150.51297
36 66 99.42008
36 67 125.95349
36 68 134.61064
36 69 157.03256
36 70 119.06200
36 71 117.01705
36 72 142.06476
36 73 146.81348
36 74 160.71921
36 75 76.96057
36 76 153.91821
36 77 134.05728
36 78 144.21623
36 79 81.94111
36 80 185.79286
36 81 115.96613
36 82 148.49757
36 83 158.18375
36 84 116.42271
36 85 160.77512
36 86 176.92780
36 87 163.46327
36 88 194.46605
36 89 166.35347
36 90 89.92809
36 91 91.63258
36 92 82.26176
36 93 136.84560
36 94 106.02996
36 95 146.93507
36 96 132.56456
36 97 160.81491
36 98 142.80182
36 99 106.54248
37 38 125.12409
37 39 149.37424
37 40 125.42787
37 41 113.82019
37 42 91.51397
37 43 131.63783
37 44 123.88459
37 45 110.26762
37 46 134.99678
37 47 132.76044
37 48 159.26318
37 49 118.26932
37 50 164.12056
37 51 164.55090
37 52 164.77324
37 53 134.76778
37 54 119.82998
37 55 126.36781
37 56 83.91936
37 57 137.52972
37 58 135.02480
37 59 158.03119
37 60 129.27953
37 61 154.36763
37 62 67.63383
37 63 123.70334
37 64 160.96341
37 65 103.65855
37 66 134.66156
37 67 118.34939
37 68 139.13013
37 69 97.83395
37 70 114.07317
37 71 119.73555
37 72 111.94615
37 73 122.71691
37 74 115.50535
37 75 152.20117
37 76 110.29760
37 77 145.24026
37 78 132.72537
37 79 161.64639
37 80 158.99339
37 81 134.71402
37 82 166.57014
37 83 136.31485
37 84 136.52950
37 85 144.08571
37 86 100.67525
37 87 110.13118
37 88 131.69873
37 89 116.86279
37 90 138.68829
37 91 132.92064
37 92 142.52460
37 93 133.90874
37 94 136.05508
37 95 96.02373
37 96 144.95798
37 97 121.21418
37 98 102.96451
37 99 148.65398
38 39 151.82951
38 40 156.99208
38 41 108.81171
38 42 158.57973
38 43 144.86388
38 44 152.83160
38 45 139.94035
38 46 144.04082
38 47 94.68940
38 48 138.38646
38 49 130.92056
38 50 167.81465
38 51 149.89633
38 52 141.97931
38 53 167.25818
38 54 157.94096
38 55 126.94811
38 56 144.88399
38 57 173.31381
38 58 161.03233
38 59 169.97740
38 60 133.87517
38 61 136.99449
38 62 100.21189
38 63 141.58939
38 64 142.67963
38 65 112.09398
38 66 117.66955
38 67 54.75845
38 68 108.31660
38 69 115.78252
38 70 106.92204
38 71 122.24693
38 72 140.25508
38 73 97.62183
38 74 126.37832
38 75 139.40668
38 76 143.14513
38 77 175.69019
38 78 97.28700
38 79 106.27222
38 80 191.82196
38 81 97.48032
38 82 176.71611
38 83 125.98332
38 84 153.26074
38 85 146.90228
38 86 105.45458
38 87 138.74931
38 88 178.94095
38 89 139.50925
38 90 129.32684
38 91 92.95754
38 92 151.28308
38 93 132.66566
38 94 153.63481
38 95 122.38177
38 96 145.83328
38 97 126.39259
38 98 135.49020
38 99 85.17599
39 40 154.12286
39 41 114.07695
39 42 150.99689
39 43 155.30627
39 44 166.15305
39 45 106.29766
39 46 114.13060
39 47 159.13773
39 48 165.98618
39 49 136.55605
39 50 140.70566
39 51 156.78270
39 52 164.12125
39 53 125.64543
39 54 155.11772
39 55 124.90599
39 56 137.75981
39 57 91.86852
39 58 181.33511
39 59 171.39496
39 60 102.01421
39 61 143.81548
39 62 141.43628
39 63 92.42538
39 64 134.57596
39 65 164.53322
39 66 95.26835
39 67 124.15891
39 68 173.18022
39 69 166.11931
39 70 145.88554
39 71 167.61417
39 72 155.65431
39 73 135.21635
39 74 107.09740
39 75 120.61465
39 76 143.65909
39 77 157.89140
39 78 133.42673
39 79 162.63539
39 80 130.23206
39 81 147.97464
39 82 169.03333
39 83 140.09856
39 84 173.47884
39 85 111.81645
39 86 124.81163
39 87 123.49741
39 88 146.35959
39 89 202.94803
39 90 149.63100
39 91 125.74875
39 92 152.26196
39 93 152.33852
39 94 130.12862
39 95 139.15422
39 96 107.31102
39 97 171.02330
39 98 156.56000
39 99 154.86563
40 41 122.16287
40 42 152.11597
40 43 161.68500
40 44 113.58004
40 45 149.44588
40 46 144.63507
40 47 156.16251
40 48 124.73037
40 49 155.11575
40 50 153.46738
40 51 95.83917
40 52 165.16795
40 53 114.05344
40 54 154.88344
40 55 150.14449
40 56 129.83617
40 57 135.71677
40 58 107.49265
40 59 98.88298
40 60 138.25792
40 61 131.54861
40 62 117.57447
40 63 164.98177
40 64 168.27843
40 65 112.57732
40 66 136.99234
40 67 141.10422
40 68 153.87167
40 69 114.50694
40 70 95.50517
40 71 133.63640
40 72 143.58029
40 73 164.26218
40 74 142.12749
40 75 115.00233
40 76 154.76227
40 77 106.05682
40 78 142.86873
40 79 153.40884
40 80 146.51758
40 81 143.45093
40 82 168.21957
40 83 125.07114
40 84 94.02412
40 85 182.30327
40 86 144.57918
40 87 150.65605
40 88 143.57349
40 89 148.04849
40 90 91.15443
40 91 129.80307
40 92 133.95230
40 93 156.48511
40 94 101.83036
40 95 134.28868
40 96 158.85994
40 97 144.66293
40 98 101.03442
40 99 136.34496
41 42 125.60790
41 43 145.10997
41 44 123.19745
41 45 119.26291
41 46 93.62484
41 47 94.64176
41 48 109.06728
41 49 123.72121
41 50 139.22198
41 51 133.48610
41 52 164.73662
41 53 143.01413
41 54 148.75739
41 55 121.49421
41 56 80.17251
41 57 104.30293
41 58 149.16624
41 59 138.64369
41 60 88.33370
41 61 117.25381
41 62 90.14115
41 63 134.72276
41 64 130.09546
41 65 119.35084
41 66 117.22767
41 67 87.28041
41 68 98.55494
41 69 130.75334
41 70 103.23214
41 71 118.92230
41 72 125.50163
41 73 134.11256
41 74 116.51159
41 75 119.46430
41 76 96.15490
41 77 139.26988
41 78 121.01640
41 79 141.76823
41 80 169.99512
41 81 103.70558
41 82 128.39273
41 83 104.60183
41 84 109.10744
41 85 121.96775
41 86 107.49068
41 87 136.89566
41 88 117.60479
41 89 134.16135
41 90 118.67645
41 91 116.53864
41 92 109.76067
41 93 121.38845
41 94 111.77599
41 95 110.44458
41 96 69.91092
41 97 101.67822
41 98 128.68353
41 99 96.71255
42 43 109.19341
42 44 139.18610
42 45 90.47848
42 46 95.10503
42 47 147.98512
42 48 136.37827
42 49 123.54404
42 50 124.18034
42 51 186.00085
42 52 162.42732
42 53 164.13335
42 54 98.62463
42 55 126.90125
42 56 74.89712
42 57 117.92663
42 58 135.07083
42 59 166.99088
42 60 115.66644
42 61 163.77354
42 62 93.59831
42 63 144.35167
42 64 138.41513
42 65 123.76090
42 66 138.89815
42 67 156.56660
42 68 143.35429
42 69 144.05127
42 70 130.84364
42 71 135.28214
42 72 82.79273
42 73 137.82445
42 74 112.68262
42 75 161.17412
42 76 121.00456
42 77 152.20268
42 78 125.80306
42 79 174.32018
42 80 151.70268
42 81 144.09555
42 82 143.08368
42 83 142.21536
42 84 140.54323
42 85 101.53622
42 86 110.43233
42 87 137.48590
42 88 107.45760
42 89 123.71540
42 90 145.85120
42 91 162.06453
42 92 116.09039
42 93 120.27298
42 94 112.61436
42 95 98.71715
42 96 142.30765
42 97 127.35399
42 98 126.23156
42 99 178.80663
43 44 149.42465
43 45 122.21150
43 46 110.90105
43 47 130.18285
43 48 147.41376
43 49 90.86229
43 50 130.99158
43 51 171.81500
43 52 115.73425
43 53 149.99966
43 54 83.82604
43 55 152.08008
43 56 119.61805
43 57 148.07016
43 58 132.61665
43 59 168.11646
43 60 132.04393
43 61 152.19641
43 62 114.80213
43 63 140.19978
43 64 141.03465
43 65 141.35619
43 66 129.14415
43 67 146.70366
43 68 115.60049
43 69 135.82944
43 70 106.94724
43 71 129.77713
43 72 94.90295
43 73 135.35207
43 74 95.54131
43 75 150.01401
43 76 172.76949
43 77 167.01637
43 78 125.67825
43 79 150.24770
43 80 134.82762
43 81 131.95921
43 82 132.16795
43 83 126.21487
43 84 156.78868
43 85 109.39748
43 86 118.79369
43 87 116.47234
43 88 138.56288
43 89 108.67719
43 90 132.98413
43 91 122.68871
43 92 119.27434
43 93 95.82492
43 94 120.56309
43 95 88.65569
43 96 136.24611
43 97 129.54802
43 98 134.22513
43 99 167.82547
44 45 156.55879
44 46 138.42917
44 47 121.40999
44 48 138.99751
44 49 136.04312
44 50 145.05815
44 51 126.19536
44 52 182.17216
44 53 103.76402
44 54 119.79660
44 55 143.83745
44 56 124.99249
44 57 139.77002
44 58 113.69059
44 59 155.12947
44 60 156.64079
44 61 140.91151
44 62 132.26410
44 63 155.78656
44 64 176.63039
44 65 81.66895
44 66 141.29900
44 67 151.57704
44 68 153.28783
44 69 105.48090
44 70 79.70138
44 71 131.65837
44 72 119.50819
44 73 143.36502
44 74 131.81219
44 75 144.66707
44 76 124.01241
44 77 99.88425
44 78 115.02656
44 79 163.00606
44 80 156.43614
44 81 155.60403
44 82 168.91512
44 83 139.56612
44 84 114.88323
44 85 177.95389
44 86 145.83548
44 87 114.78628
44 88 127.01121
44 89 115.54259
44 90 88.89541
44 91 124.88877
44 92 128.18568
44 93 151.58501
44 94 126.20882
44 95 94.82139
44 96 157.66081
44 97 131.12933
44 98 144.01886
44 99 165.58360
45 46 110.39035
45 47 135.67781
45 48 135.45047
45 49 92.37506
45 50 155.32704
45 51 158.35670
45 52 129.73265
45 53 151.28992
45 54 116.10886
45 55 115.54550
45 56 107.90720
45 57 118.56411
45 58 133.93422
45 59 147.57895
45 60 82.68536
45 61 164.32767
45 62 83.50471
45 63 113.43162
45 64 120.88154
45 65 150.18585
45 66 114.18537
45 67 135.85585
45 68 156.03790
45 69 160.55489
45 70 127.94504
45 71 131.67720
45 72 138.58290
45 73 106.89165
45 74 102.18666
45 75 127.53991
45 76 131.47153
45 77 144.81583
45 78 119.97280
45 79 150.11060
45 80 110.91421
45 81 115.44611
45 82 142.09616
45 83 140.12811
45 84 157.17355
45 85 79.87689
45 86 94.79413
45 87 128.27756
45 88 138.60542
45 89 162.75932
45 90 152.19780
45 91 133.13126
45 92 122.75153
45 93 153.52127
45 94 106.91460
45 95 123.09262
45 96 130.86122
45 97 146.57825
45 98 150.87715
45 99 167.03271
46 47 127.53757
46 48 103.45469
46 49 125.22895
46 50 98.44530
46 51 166.02885
46 52 143.89093
46 53 148.21880
46 54 102.91499
46 55 117.73650
46 56 95.69869
46 57 81.94910
46 58 156.91113
46 59 173.11682
46 60 69.46413
46 61 140.79759
46 62 116.94833
46 63 152.21672
46 64 129.20477
46 65 133.05460
46 66 130.57037
46 67 138.71458
46 68 114.96483
46 69 157.49342
46 70 121.36907
46 71 131.84874
46 72 99.19453
46 73 140.17393
46 74 74.11454
46 75 152.13492
46 76 144.39621
46 77 167.16669
46 78 104.11060
46 79 163.53011
46 80 148.84074
46 81 120.38821
46 82 140.18182
46 83 99.03596
46 84 145.20164
46 85 95.78976
46 86 91.45202
46 87 137.58806
46 88 96.61163
46 89 129.92993
46 90 127.29881
46 91 148.44104
46 92 111.64908
46 93 97.63596
46 94 112.82520
46 95 104.47903
46 96 107.55857
46 97 131.41208
46 98 132.43990
46 99 147.95752
47 48 112.83832
47 49 93.34583
47 50 172.44554
47 51 137.31320
47 52 143.96376
47 53 162.54739
47 54 137.82213
47 55 162.06758
47 56 130.08168
47 57 167.94067
47 58 129.03120
47 59 164.23048
47 60 126.30798
47 61 156.56804
47 62 105.11725
47 63 163.60663
47 64 130.31717
47 65 120.59544
47 66 148.13913
47 67 108.38287
47 68 91.38126
47 69 126.93088
47 70 80.99396
47 71 133.29329
47 72 142.32744
47 73 127.14527
47 74 117.34976
47 75 155.61513
47 76 146.18710
47 77 162.05200
47 78 106.92202
47 79 152.01564
47 80 165.46504
47 81 112.49598
47 82 138.45988
47 83 104.03559
47 84 144.41060
47 85 135.35400
47 86 101.34695
47 87 134.63568
47 88 134.86084
47 89 107.29605
47 90 138.17244
47 91 114.82196
47 92 143.85857
47 93 141.07829
47 94 142.47025
47 95 103.67599
47 96 123.32550
47 97 88.41787
47 98 166.94855
47 99 135.58286
48 49 148.07469
48 50 134.45602
48 51 139.08759
48 52 155.87535
48 53 183.76331
48 54 151.68990
48 55 159.35101
48 56 131.95496
48 57 146.34750
48 58 118.17727
48 59 128.66388
48 60 110.20844
48 61 163.71565
48 62 122.47916
48 63 197.61929
48 64 117.87396
48 65 124.04028
48 66 156.40549
48 67 142.59306
48 68 107.70808
48 69 158.12743
48 70 102.13981
48 71 136.85922
48 72 136.64713
48 73 149.60460
48 74 132.00677
48 75 147.56241
48 76 163.77216
48 77 149.69228
48 78 111.80726
48 79 148.57304
48 80 159.57204
48 81 112.70835
48 82 152.07245
48 83 91.76112
48 84 110.67117
48 85 142.73119
48 86 118.06630
48 87 185.77711
48 88 134.44167
48 89 131.27997
48 90 124.97143
48 91 152.21111
48 92 126.79572
48 93 150.43994
48 94 99.37280
48 95 140.83009
48 96 150.40726
48 97 110.84588
48 98 155.46703
48 99 144.90860
49 50 176.34303
49 51 135.53250
49 52 96.11392
49 53 130.51904
49 54 93.91582
49 55 146.18803
49 56 124.83632
49 57 153.73869
49 58 119.00137
49 59 165.92627
49 60 113.34296
49 61 150.56436
49 62 89.37357
49 63 126.29170
49 64 142.23866
49 65 147.93436
49 66 129.12393
49 67 137.62550
49 68 136.08992
49 69 138.09796
49 70 96.52980
49 71 132.11923
49 72 140.69424
49 73 128.77664
49 74 95.39553
49 75 142.15799
49 76 156.80792
49 77 157.41602
49 78 119.60742
49 79 162.21523
49 80 121.71275
49 81 124.52173
49 82 112.79578
49 83 136.02596
49 84 167.75604
49 85 103.02815
49 86 102.14605
49 87 90.44556
49 88 130.14055
49 89 125.99838
49 90 142.45029
49 91 111.42442
49 92 127.90837
49 93 134.62680
49 94 133.95638
49 95 88.41206
49 96 122.37923
49 97 134.09947
49 98 155.06471
49 99 163.27927
50 51 180.99083
50 52 190.01567
50 53 163.93741
50 54 145.87819
50 55 144.30730
50 56 131.44376
50 57 113.50154
50 58 162.44391
50 59 168.37181
50 60 149.51401
50 61 139.50400
50 62 161.55872
50 63 155.84941
50 64 130.13829
50 65 119.79114
50 66 116.82236
50 67 153.22124
50 68 148.98645
50 69 147.44043
50 70 133.78557
50 71 167.61819
50 72 75.78127
50 73 157.15878
50 74 133.01401
50 75 143.62206
50 76 149.95515
50 77 148.93970
50 78 118.92350
50 79 157.22548
50 80 169.47092
50 81 167.73048
50 82 171.94679
50 83 134.90891
50 84 130.40729
50 85 135.36281
50 86 154.70000
50 87 161.54262
50 88 134.55640
50 89 164.62941
50 90 114.13917
50 91 150.85735
50 92 128.97919
50 93 109.69945
50 94 103.61511
50 95 123.08047
50 96 147.18825
50 97 144.36748
50 98 132.55806
50 99 166.55219
51 52 137.93631
51 53 119.88975
51 54 169.38161
51 55 165.70116
51 56 171.60504
51 57 175.22565
51 58 106.87999
51 59 129.93567
51 60 156.43242
51 61 112.28366
51 62 135.18980
51 63 165.76958
51 64 164.47731
51 65 136.59843
51 66 128.44322
51 67 146.57918
51 68 173.12639
51 69 129.21571
51 70 90.36405
51 71 164.14796
51 72 172.86972
51 73 176.75674
51 74 158.68690
51 75 108.59686
51 76 173.08321
51 77 124.39427
51 78 132.08820
51 79 161.28700
51 80 159.77437
51 81 159.34280
51 82 141.15536
51 83 156.07927
51 84 137.55287
51 85 175.24356
51 86 163.50220
51 87 141.94745
51 88 157.72386
51 89 173.91644
51 90 97.84072
51 91 112.28848
51 92 142.82126
51 93 166.82002
51 94 129.63814
51 95 134.00487
51 96 157.41393
51 97 163.13960
51 98 144.17159
51 99 138.07991
52 53 156.44722
52 54 119.73025
52 55 153.06374
52 56 177.38663
52 57 186.43787
52 58 146.70795
52 59 190.70776
52 60 129.24724
52 61 150.23615
52 62 122.15678
52 63 169.42976
52 64 169.19994
52 65 173.49330
52 66 145.32672
52 67 162.25790
52 68 162.49983
52 69 167.21400
52 70 128.10927
52 71 152.59818
52 72 166.63731
52 73 160.13042
52 74 116.41396
52 75 159.79178
52 76 212.84419
52 77 200.75739
52 78 124.16848
52 79 167.19987
52 80 157.02042
52 81 137.21863
52 82 144.84895
52 83 159.13112
52 84 200.25247
52 85 133.28493
52 86 125.13577
52 87 133.99339
52 88 172.04068
52 89 158.24107
52 90 147.23366
52 91 136.75987
52 92 149.66121
52 93 138.71603
52 94 161.58269
52 95 130.29768
52 96 171.44704
52 97 185.56004
52 98 150.63644
52 99 160.91870
53 54 120.80638
53 55 130.17984
53 56 148.33229
53 57 126.56493
53 58 151.16299
53 59 172.28918
53 60 148.29893
53 61 124.05438
53 62 143.00403
53 63 117.36217
53 64 197.85378
53 65 137.19492
53 66 119.99084
53 67 155.17233
53 68 186.35835
53 69 127.27193
53 70 114.61954
53 71 145.07512
53 72 150.18593
53 73 154.03894
53 74 117.27271
53 75 129.95572
53 76 158.06668
53 77 129.90247
53 78 137.94835
53 79 169.90211
53 80 137.34474
53 81 165.15651
53 82 178.10052
53 83 160.12097
53 84 162.72267
53 85 176.87492
53 86 151.39108
53 87 74.71995
53 88 150.92175
53 89 165.43820
53 90 103.04990
53 91 112.77831
53 92 143.68781
53 93 152.40738
53 94 145.27971
53 95 112.77949
53 96 153.47212
53 97 183.97121
53 98 131.94901
53 99 164.57156
54 55 124.34908
54 56 122.99422
54 57 132.37083
54 58 138.24548
54 59 191.76514
54 60 120.19373
54 61 160.65742
54 62 116.42883
54 63 147.68863
54 64 175.47778
54 65 133.56590
54 66 145.17322
54 67 169.02817
54 68 151.33304
54 69 146.01733
54 70 114.69299
54 71 120.82906
54 72 108.99272
54 73 131.15105
54 74 73.42551
54 75 169.44562
54 76 166.87361
54 77 165.68272
54 78 110.18078
54 79 171.72226
54 80 131.74207
54 81 138.75708
54 82 159.53815
54 83 140.92004
54 84 172.89340
54 85 131.41713
54 86 106.59180
54 87 94.96094
54 88 127.45162
54 89 106.28275
54 90 129.38795
54 91 143.30150
54 92 124.28498
54 93 121.42693
54 94 140.48289
54 95 85.82257
54 96 160.49777
54 97 159.48325
54 98 140.25685
54 99 185.06786
55 56 123.56517
55 57 108.61096
55 58 181.45615
55 59 180.47176
55 60 108.17175
55 61 122.32713
55 62 112.07107
55 63 114.28505
55 64 184.77118
55 65 135.73828
55 66 100.42280
55 67 128.57140
55 68 167.04599
55 69 159.12794
55 70 142.88548
55 71 100.60679
55 72 132.14435
55 73 106.31292
55 74 117.25370
55 75 126.55447
55 76 119.07289
55 77 156.65927
55 78 112.47808
55 79 121.41065
55 80 180.38463
55 81 112.62889
55 82 183.23326
55 83 167.43663
55 84 160.54904
55 85 143.04660
55 86 130.12630
55 87 124.05333
55 88 175.54268
55 89 165.83176
55 90 114.80099
55 91 124.40310
55 92 105.70678
55 93 137.42725
55 94 140.10936
55 95 130.50333
55 96 149.65762
55 97 184.77586
55 98 125.61627
55 99 127.90712
56 57 92.65537
56 58 144.54878
56 59 138.89043
56 60 103.05041
56 61 144.79828
56 62 82.68666
56 63 131.66542
56 64 147.76443
56 65 124.25023
56 66 131.64098
56 67 125.95406
56 68 111.12990
56 69 135.15343
56 70 119.39453
56 71 106.09024
56 72 97.67981
56 73 135.18326
56 74 117.65534
56 75 136.29892
56 76 90.28090
56 77 133.02017
56 78 144.06921
56 79 153.71262
56 80 159.21742
56 81 117.97154
56 82 135.20213
56 83 122.89725
56 84 105.20132
56 85 122.05504
56 86 116.45699
56 87 136.27840
56 88 115.20931
56 89 114.65673
56 90 132.51274
56 91 139.27272
56 92 96.92606
56 93 119.63065
56 94 101.35349
56 95 105.63216
56 96 97.46835
56 97 105.25197
56 98 120.01932
56 99 143.16200
57 58 178.25342
57 59 161.31094
57 60 91.02907
57 61 148.44275
57 62 136.56395
57 63 127.63134
57 64 163.11551
57 65 151.90918
57 66 124.50068
57 67 148.73457
57 68 157.48436
57 69 171.54515
57 70 146.05176
57 71 133.61064
57 72 128.08832
57 73 143.28722
57 74 106.99931
57 75 133.92326
57 76 124.19509
57 77 141.49443
57 78 144.83234
57 79 163.43379
57 80 143.14790
57 81 137.09682
57 82 171.78659
57 83 132.66443
57 84 140.51804
57 85 133.96048
57 86 131.51996
57 87 141.14412
57 88 130.87688
57 89 170.54964
57 90 133.59952
57 91 150.11337
57 92 116.18150
57 93 142.29379
57 94 110.06876
57 95 136.70786
57 96 111.96107
57 97 162.61060
57 98 142.56458
57 99 161.46620
58 59 111.23827
58 60 161.25029
58 61 161.35838
58 62 116.68150
58 63 174.95506
58 64 134.58217
58 65 112.93899
58 66 147.57286
58 67 163.36676
58 68 155.33614
58 69 114.69065
58 70 74.23283
58 71 157.12805
58 72 135.92964
58 73 161.04404
58 74 150.05267
58 75 136.11433
58 76 165.96657
58 77 106.94354
58 78 128.68904
58 79 167.69376
58 80 126.74941
58 81 159.89169
58 82 136.08716
58 83 139.27637
58 84 114.88765
58 85 156.53558
58 86 146.29126
58 87 149.29581
58 88 132.80086
58 89 132.11359
58 90 118.62054
58 91 135.11095
58 92 138.83221
58 93 163.19696
58 94 99.32976
58 95 114.24445
58 96 173.05354
58 97 119.16084
58 98 145.69028
58 99 180.23987
59 60 159.08151
59 61 165.80576
59 62 132.04144
59 63 170.39552
59 64 148.85635
59 65 150.94856
59 66 141.79480
59 67 146.71706
59 68 154.96567
59 69 152.69662
59 70 118.95660
59 71 144.87704
59 72 166.94905
59 73 162.74245
59 74 180.67653
59 75 92.43925
59 76 155.37357
59 77 90.13457
59 78 174.69019
59 79 132.01422
59 80 148.14919
59 81 140.26729
59 82 163.74445
59 83 145.99628
59 84 76.44829
59 85 179.26640
59 86 175.72208
59 87 191.26959
59 88 183.14639
59 89 177.20743
59 90 131.35262
59 91 131.69102
59 92 131.43541
59 93 190.15729
59 94 75.12384
59 95 169.97984
59 96 158.80952
59 97 136.64841
59 98 155.71843
59 99 155.87195
60 61 153.41638
60 62 95.57711
60 63 145.17067
60 64 141.15495
60 65 155.69600
60 66 133.52051
60 67 127.87286
60 68 125.83255
60 69 172.40063
60 70 130.11525
60 71 113.97729
60 72 144.57967
60 73 125.55224
60 74 80.21156
60 75 140.35312
60 76 147.76122
60 77 168.88391
60 78 121.85304
60 79 151.53438
60 80 138.19383
60 81 86.99918
60 82 149.30257
60 83 106.79328
60 84 154.91376
60 85 104.30154
60 86 77.86871
60 87 143.14494
60 88 131.85272
60 89 149.16499
60 90 143.77425
60 91 141.55420
60 92 118.58599
60 93 137.27039
60 94 119.83548
60 95 132.42940
60 96 110.16467
60 97 147.87068
60 98 144.24358
60 99 137.26788
61 62 132.35570
61 63 132.65448
61 64 173.75877
61 65 131.50247
61 66 88.76736
61 67 126.64322
61 68 158.94418
61 69 124.87059
61 70 119.26284
61 71 151.25362
61 72 128.29684
61 73 173.81038
61 74 153.61940
61 75 104.33379
61 76 141.25853
61 77 149.81250
61 78 129.62796
61 79 145.65903
61 80 202.26822
61 81 157.89409
61 82 130.01192
61 83 172.01054
61 84 140.25024
61 85 153.51128
61 86 170.03529
61 87 125.78049
61 88 157.90950
61 89 168.88437
61 90 80.62983
61 91 107.16984
61 92 108.12519
61 93 101.43573
61 94 136.83199
61 95 111.41872
61 96 124.23226
61 97 168.79305
61 98 100.81889
61 99 98.43498
62 63 127.83138
62 64 139.48579
62 65 114.94893
62 66 118.30727
62 67 102.47363
62 68 112.71718
62 69 115.55070
62 70 95.69440
62 71 93.61799
62 72 118.86085
62 73 113.97204
62 74 109.62684
62 75 123.42055
62 76 116.25584
62 77 141.15987
62 78 116.66669
62 79 131.95447
62 80 152.79724
62 81 91.32590
62 82 127.23009
62 83 124.68410
62 84 123.44559
62 85 115.64535
62 86 89.44643
62 87 120.44399
62 88 134.64366
62 89 110.73454
62 90 123.12476
62 91 112.49842
62 92 106.23418
62 93 122.66989
62 94 112.57343
62 95 97.67231
62 96 122.13223
62 97 113.53323
62 98 105.17352
62 99 116.95010
63 64 160.70715
63 65 152.40834
63 66 69.56871
63 67 117.64465
63 68 180.08626
63 69 139.76726
63 70 141.15891
63 71 150.34546
63 72 141.36955
63 73 115.70419
63 74 131.69055
63 75 106.37750
63 76 116.85839
63 77 140.04498
63 78 142.67896
63 79 139.81487
63 80 150.02437
63 81 152.86650
63 82 169.27815
63 83 174.94740
63 84 168.74289
63 85 128.63022
63 86 149.24274
63 87 91.33305
63 88 173.87691
63 89 191.51740
63 90 141.18547
63 91 95.14658
63 92 139.42033
63 93 149.06064
63 94 137.43901
63 95 122.65872
63 96 124.97657
63 97 171.99080
63 98 145.13535
63 99 154.96701
64 65 143.57062
64 66 130.72736
64 67 130.65509
64 68 138.28477
64 69 151.35320
64 70 125.79984
64 71 191.62817
64 72 135.75790
64 73 151.74330
64 74 142.96544
64 75 146.03664
64 76 161.94861
64 77 162.73268
64 78 123.66106
64 79 168.86462
64 80 146.85732
64 81 159.50874
64 82 144.07703
64 83 118.64404
64 84 148.14661
64 85 95.04514
64 86 128.33987
64 87 175.06242
64 88 133.41991
64 89 179.94302
64 90 163.26871
64 91 147.22020
64 92 165.17241
64 93 150.32361
64 94 110.67900
64 95 136.73566
64 96 135.89243
64 97 105.15828
64 98 169.72533
64 99 170.27715
65 66 122.96106
65 67 115.79248
65 68 131.54123
65 69 64.07243
65 70 76.58712
65 71 135.80991
65 72 85.75041
65 73 126.22781
65 74 129.06372
65 75 142.16957
65 76 121.14083
65 77 122.45432
65 78 85.39447
65 79 141.36333
65 80 172.37482
65 81 146.62759
65 82 175.23572
65 83 122.55784
65 84 105.69309
65 85 162.84024
65 86 125.04347
65 87 128.45410
65 88 131.48755
65 89 112.49390
65 90 86.07404
65 91 118.27160
65 92 139.45540
65 93 124.03163
65 94 121.53940
65 95 87.39987
65 96 163.46056
65 97 106.84637
65 98 105.74157
65 99 136.11763
66 67 99.01655
66 68 157.40942
66 69 121.54941
66 70 111.47715
66 71 139.70143
66 72 116.70573
66 73 114.52496
66 74 127.72626
66 75 66.77431
66 76 117.79427
66 77 120.96645
66 78 106.25238
66 79 106.16904
66 80 152.07813
66 81 134.95155
66 82 146.46997
66 83 154.32520
66 84 135.91649
66 85 116.33393
66 86 143.30095
66 87 108.04968
66 88 161.36299
66 89 177.58041
66 90 95.09682
66 91 71.63688
66 92 109.47968
66 93 121.17726
66 94 103.24554
66 95 109.38338
66 96 119.84538
66 97 154.30510
66 98 117.65297
66 99 118.79282
67 68 105.57381
67 69 110.03526
67 70 108.65990
67 71 126.14591
67 72 135.91228
67 73 103.96196
67 74 128.20538
67 75 114.67789
67 76 123.04189
67 77 156.44792
67 78 117.83990
67 79 103.00732
67 80 180.28441
67 81 102.41917
67 82 170.51241
67 83 115.58575
67 84 132.33997
67 85 142.10287
67 86 113.77082
67 87 137.06787
67 88 170.46693
67 89 153.27603
67 90 125.96404
67 91 81.40448
67 92 145.61595
67 93 130.79793
67 94 134.52174
67 95 125.22528
67 96 116.43620
67 97 115.40520
67 98 125.75121
67 99 73.41277
68 69 137.71086
68 70 107.46055
68 71 118.67670
68 72 122.49014
68 73 142.96236
68 74 125.65154
68 75 160.27449
68 76 159.77861
68 77 179.47081
68 78 137.84299
68 79 139.08911
68 80 186.54115
68 81 99.02262
68 82 151.75259
68 83 82.26649
68 84 124.89236
68 85 145.99648
68 86 113.59769
68 87 168.43115
68 88 150.07860
68 89 93.92158
68 90 140.93338
68 91 132.66342
68 92 135.55531
68 93 114.91388
68 94 133.35255
68 95 125.22076
68 96 119.72925
68 97 79.77341
68 98 143.86989
68 99 116.84289
69 70 78.22414
69 71 152.16542
69 72 104.00603
69 73 145.51799
69 74 138.68538
69 75 140.34375
69 76 139.20108
69 77 133.74878
69 78 116.65488
69 79 153.91580
69 80 173.11241
69 81 162.58287
69 82 166.75073
69 83 133.96725
69 84 122.77742
69 85 168.78403
69 86 136.99281
69 87 111.69849
69 88 139.69917
69 89 122.85358
69 90 101.74879
69 91 105.21013
69 92 156.56265
69 93 121.01863
69 94 136.95586
69 95 82.84218
69 96 158.25887
69 97 110.98386
69 98 95.68504
69 99 134.83856
70 71 118.22964
70 72 106.90407
70 73 122.36732
70 74 107.85925
70 75 112.02610
70 76 138.17416
70 77 107.59557
70 78 87.85564
70 79 127.10619
70 80 131.46756
70 81 118.39027
70 82 131.61076
70 83 98.04542
70 84 100.45984
70 85 140.14296
70 86 111.68416
70 87 109.04430
70 88 121.28573
70 89 99.53436
70 90 75.39629
70 91 81.97369
70 92 115.38663
70 93 120.23557
70 94 95.91221
70 95 75.62436
70 96 131.92111
70 97 93.30143
70 98 118.05345
70 99 126.36863
71 72 139.13222
71 73 103.21629
71 74 123.08628
71 75 131.95001
71 76 137.97337
71 77 146.68893
71 78 139.17833
71 79 98.72711
71 80 171.51299
71 81 62.44143
71 82 178.64604
71 83 138.34462
71 84 128.43987
71 85 167.97485
71 86 127.12876
71 87 144.57965
71 88 184.46834
71 89 112.26958
71 90 116.51157
71 91 115.85783
71 92 95.36253
71 93 148.89214
71 94 128.42545
71 95 136.79141
71 96 150.89417
71 97 151.66145
71 98 136.05556
71 99 124.25217
72 73 140.54822
72 74 116.04100
72 75 148.45085
72 76 127.45124
72 77 145.64954
72 78 106.15462
72 79 153.16772
72 80 170.17973
72 81 151.96980
72 82 148.65179
72 83 129.84082
72 84 121.50794
72 85 124.73740
72 86 129.02791
72 87 126.87308
72 88 114.35762
72 89 110.07684
72 90 105.73797
72 91 135.22032
72 92 114.91543
72 93 74.13732
72 94 110.87197
72 95 72.93682
72 96 139.60353
72 97 113.23268
72 98 98.73665
72 99 152.87012
73 74 110.46815
73 75 134.02409
73 76 132.77759
73 77 148.63928
73 78 105.92100
73 79 93.50341
73 80 145.50410
73 81 92.43214
73 82 201.56604
73 83 135.75772
73 84 157.03137
73 85 144.28297
73 86 107.13271
73 87 131.64688
73 88 188.25177
73 89 153.47955
73 90 139.36057
73 91 100.88776
73 92 142.77364
73 93 165.41620
73 94 134.44133
73 95 135.73587
73 96 162.25604
73 97 148.30669
73 98 162.28648
73 99 148.95027
74 75 155.43503
74 76 161.19148
74 77 170.12761
74 78 93.13067
74 79 156.62177
74 80 117.67863
74 81 113.87624
74 82 164.85750
74 83 93.15153
74 84 167.28838
74 85 112.72401
74 86 57.79401
74 87 97.24466
74 88 118.21996
74 89 123.47836
74 90 130.40651
74 91 125.49684
74 92 139.06395
74 93 113.76872
74 94 132.80063
74 95 93.91914
74 96 131.33095
74 97 141.13426
74 98 132.64252
74 99 154.20563
75 76 127.99758
75 77 91.92302
75 78 140.78932
75 79 96.36585
75 80 149.71338
75 81 127.82535
75 82 145.34601
75 83 158.34779
75 84 108.92011
75 85 147.03462
75 86 166.01454
75 87 143.12291
75 88 179.63086
75 89 185.44350
75 90 95.90968
75 91 77.25060
75 92 99.61472
75 93 156.05113
75 94 83.27261
75 95 141.43156
75 96 125.63362
75 97 157.36078
75 98 135.31270
75 99 119.65910
76 77 117.91020
76 78 145.93517
76 79 150.63551
76 80 192.33966
76 81 148.96555
76 82 164.38469
76 83 170.56927
76 84 117.99293
76 85 148.85899
76 86 156.79596
76 87 144.79175
76 88 154.34558
76 89 165.86235
76 90 137.21497
76 91 135.33916
76 92 119.89099
76 93 158.09262
76 94 127.22680
76 95 128.13191
76 96 123.46545
76 97 134.97255
76 98 149.77704
76 99 146.90773
77 78 152.37589
77 79 142.33127
77 80 139.36089
77 81 162.13368
77 82 167.98911
77 83 164.61694
77 84 86.10394
77 85 178.02736
77 86 179.55101
77 87 152.37854
77 88 164.54784
77 89 173.38246
77 90 105.20541
77 91 120.33896
77 92 120.36196
77 93 184.93874
77 94 82.67392
77 95 141.47015
77 96 159.94341
77 97 147.01237
77 98 157.06844
77 99 174.31262
78 79 135.87352
78 80 153.48184
78 81 128.00952
78 82 163.13037
78 83 120.68427
78 84 151.53767
78 85 121.76997
78 86 96.42094
78 87 115.49148
78 88 132.74461
78 89 135.01859
78 90 99.62495
78 91 112.02783
78 92 134.72827
78 93 117.85186
78 94 128.10478
78 95 88.64445
78 96 154.85948
78 97 135.71805
78 98 132.10748
78 99 138.16707
79 80 182.23785
79 81 90.38762
79 82 195.65909
79 83 154.99947
79 84 131.65823
79 85 172.69656
79 86 159.41208
79 87 167.67683
79 88 218.82262
79 89 169.70891
79 90 115.32418
79 91 85.03040
79 92 121.22937
79 93 164.76254
79 94 123.87494
79 95 161.13174
79 96 165.07523
79 97 162.39856
79 98 152.92377
79 99 111.35004
80 81 163.17693
80 82 182.70505
80 83 137.30804
80 84 173.48843
80 85 147.52489
80 86 136.02605
80 87 143.17221
80 88 154.31070
80 89 183.90227
80 90 164.41284
80 91 148.88490
80 92 169.09474
80 93 192.60869
80 94 118.10970
80 95 150.82021
80 96 171.86305
80 97 168.66460
80 98 185.80695
80 99 216.22142
81 82 171.47284
81 83 114.02596
81 84 137.74196
81 85 144.80902
81 86 103.85822
81 87 157.79622
81 88 182.64413
81 89 131.52487
81 90 133.02153
81 91 111.73270
81 92 112.56375
81 93 151.33438
81 94 124.84049
81 95 146.12801
81 96 135.81825
81 97 139.64548
81 98 150.41255
81 99 108.99347
82 83 172.79819
82 84 155.85081
82 85 111.26550
82 86 169.29332
82 87 157.08522
82 88 126.01232
82 89 161.63441
82 90 153.05748
82 91 155.08743
82 92 116.34112
82 93 129.86588
82 94 131.77443
82 95 120.35822
82 96 106.77940
82 97 143.05594
82 98 161.79164
82 99 168.12621
83 84 129.99989
83 85 145.05711
83 86 83.92433
83 87 158.12231
83 88 125.02539
83 89 119.74268
83 90 137.59685
83 91 136.78226
83 92 157.43500
83 93 135.61996
83 94 119.51157
83 95 126.75146
83 96 133.28947
83 97 92.79259
83 98 144.29416
83 99 142.40817
84 85 174.04762
84 86 164.53508
84 87 176.72710
84 88 152.70580
84 89 138.28773
84 90 100.52550
84 91 130.46811
84 92 109.16920
84 93 153.89436
84 94 75.49644
84 95 138.31573
84 96 141.79005
84 97 103.69856
84 98 129.13828
84 99 135.46979
85 86 113.86127
85 87 139.09578
85 88 122.71569
85 89 169.96292
85 90 163.28015
85 91 146.67992
85 92 130.81596
85 93 120.28828
85 94 123.73262
85 95 113.97702
85 96 107.35712
85 97 140.67987
85 98 159.00864
85 99 169.20868
86 87 125.90389
86 88 123.27860
86 89 121.42689
86 90 149.39030
86 91 137.45155
86 92 154.80652
86 93 130.27603
86 94 140.08603
86 95 108.72366
86 96 139.33687
86 97 122.16879
86 98 137.09094
86 99 146.63535
87 88 138.08086
87 89 145.65157
87 90 121.74046
87 91 102.73217
87 92 143.17120
87 93 124.58964
87 94 153.51093
87 95 72.92673
87 96 139.07939
87 97 163.33704
87 98 131.83514
87 99 162.43025
88 89 137.65195
88 90 149.22229
88 91 175.19716
88 92 153.61845
88 93 122.82278
88 94 134.37862
88 95 93.02170
88 96 127.58317
88 97 120.69141
88 98 144.52109
88 99 187.66490
89 90 132.91763
89 91 151.39206
89 92 136.55579
89 93 121.79162
89 94 150.21869
89 95 99.76727
89 96 163.02631
89 97 108.10698
89 98 137.13808
89 99 160.69171
90 91 91.03625
90 92 94.86925
90 93 116.27050
90 94 101.27676
90 95 100.31592
90 96 146.83508
90 97 145.16579
90 98 98.95247
90 99 114.73238
91 92 119.98933
91 93 135.34102
91 94 116.96126
91 95 109.86008
91 96 126.92924
91 97 138.14647
91 98 131.72806
91 99 106.15356
92 93 123.09377
92 94 89.51810
92 95 118.59398
92 96 118.03087
92 97 149.51741
92 98 131.20662
92 99 133.98816
93 94 141.25810
93 95 79.58237
93 96 121.13206
93 97 135.68744
93 98 92.32805
93 99 127.72005
94 95 123.87377
94 96 124.72546
94 97 116.87173
94 98 130.61320
94 99 149.59935
95 96 122.04643
95 97 111.66906
95 98 106.21552
95 99 145.44435
96 97 125.67986
96 98 153.12897
96 99 129.47052
97 98 150.17384
97 99 149.83603
98 99 115.48415
