100 30
0 1 178.84938
0 2 169.63881
0 3 180.49565
0 4 221.47408
0 5 222.63846
0 6 132.85742
0 7 187.37929
0 8 205.84874
0 9 153.20340
0 10 177.95465
0 11 138.74001
0 12 225.42015
0 13 153.88217
0 14 180.62538
0 15 218.81001
0 16 177.31863
0 17 200.39598
0 18 198.65634
0 19 235.89566
0 20 171.73366
0 21 191.79784
0 22 177.56741
0 23 164.51480
0 24 167.84135
0 25 151.42183
0 26 158.88446
0 27 183.73303
0 28 167.94315
0 29 204.47713
0 30 167.38594
0 31 172.01068
0 32 168.02379
0 33 206.28520
0 34 134.98854
0 35 165.76050
0 36 182.80325
0 37 203.35770
0 38 201.16173
0 39 152.95477
0 40 179.06116
0 41 201.35097
0 42 220.11783
0 43 185.10440
0 44 144.18713
0 45 148.13553
0 46 194.49448
0 47 207.59152
0 48 169.50876
0 49 146.30949
0 50 164.27919
0 51 161.40706
0 52 142.63629
0 53 210.86836
0 54 140.89343
0 55 165.99139
0 56 173.27892
0 57 182.42557
0 58 202.29245
0 59 178.54860
0 60 159.39554
0 61 217.71086
0 62 134.76976
0 63 179.30550
0 64 181.15047
0 65 171.73811
0 66 212.94547
0 67 206.37865
0 68 194.31923
0 69 143.72487
0 70 169.76971
0 71 189.46513
0 72 189.07860
0 73 168.92885
0 74 201.29291
0 75 166.93018
0 76 174.00687
0 77 158.23370
0 78 179.43254
0 79 188.92662
0 80 181.74875
0 81 181.87448
0 82 181.97122
0 83 207.32343
0 84 199.03644
0 85 178.20340
0 86 172.01088
0 87 215.20337
0 88 167.95590
0 89 192.60466
0 90 133.22641
0 91 177.02203
0 92 175.65135
0 93 215.19376
0 94 164.04012
0 95 175.39128
0 96 216.86664
0 97 151.19292
0 98 174.64824
0 99 152.14531
1 2 187.47252
1 3 184.39003
1 4 202.05165
1 5 228.07086
1 6 214.94479
1 7 231.78629
1 8 197.01653
1 9 154.66028
1 10 192.51779
1 11 151.09175
1 12 190.09882
1 13 173.20119
1 14 217.96867
1 15 166.54045
1 16 206.91922
1 17 246.39882
1 18 195.45401
1 19 202.89125
1 20 181.64709
1 21 110.56658
1 22 151.78943
1 23 194.33914
1 24 193.42717
1 25 226.01299
1 26 189.08124
1 27 165.63474
1 28 152.54482
1 29 201.05708
1 30 177.41423
1 31 208.23643
1 32 175.88239
1 33 185.38060
1 34 149.93118
1 35 159.86789
1 36 195.95944
1 37 196.94136
1 38 185.30844
1 39 185.95232
1 40 193.46201
1 41 220.66507
1 42 195.41917
1 43 180.43289
1 44 182.65137
1 45 179.22044
1 46 185.73265
1 47 227.98331
1 48 205.54732
1 49 187.04771
1 50 171.69647
1 51 175.52782
1 52 169.58676
1 53 216.77820
1 54 170.20949
1 55 182.94890
1 56 188.59447
1 57 168.81943
1 58 200.01259
1 59 131.84067
1 60 207.86200
1 61 189.75320
1 62 170.80688
1 63 219.08710
1 64 174.52815
1 65 186.49515
1 66 207.86758
1 67 192.25203
1 68 200.20207
1 69 153.86629
1 70 204.08743
1 71 188.33466
1 72 153.89911
1 73 201.27681
1 74 221.91878
1 75 195.32170
1 76 212.47638
1 77 201.47501
1 78 196.71255
1 79 155.13631
1 80 165.03336
1 81 206.64828
1 82 186.96091
1 83 173.12642
1 84 180.85841
1 85 184.30978
1 86 192.96838
1 87 178.31946
1 88 208.97658
1 89 165.30353
1 90 161.12167
1 91 229.40285
1 92 186.12720
1 93 207.93591
1 94 202.58923
1 95 221.75957
1 96 202.27525
1 97 180.99771
1 98 163.75548
1 99 141.53445
2 3 164.72572
2 4 236.42746
2 5 223.56198
2 6 162.56010
2 7 178.89598
2 8 202.00700
2 9 183.98164
2 10 180.36285
2 11 197.45593
2 12 204.51872
2 13 156.44547
2 14 180.43187
2 15 180.67699
2 16 179.85135
2 17 199.74840
2 18 182.11630
2 19 211.82962
2 20 142.34294
2 21 160.36494
2 22 161.44025
2 23 198.18944
2 24 190.45520
2 25 231.14160
2 26 195.36586
2 27 196.30365
2 28 210.97145
2 29 147.94943
2 30 193.57323
2 31 183.90765
2 32 184.79115
2 33 211.43576
2 34 182.90865
2 35 150.59509
2 36 145.38504
2 37 209.91704
2 38 186.76611
2 39 173.88519
2 40 196.17108
2 41 189.19542
2 42 192.53807
2 43 165.79021
2 44 176.13815
2 45 198.16455
2 46 194.81551
2 47 257.68231
2 48 208.25082
2 49 195.16434
2 50 173.03494
2 51 196.79375
2 52 159.96657
2 53 209.46982
2 54 163.88205
2 55 180.52908
2 56 175.70113
2 57 186.06935
2 58 174.08020
2 59 189.58018
2 60 196.21301
2 61 167.15533
2 62 160.03561
2 63 172.75392
2 64 191.54138
2 65 143.40433
2 66 201.09422
2 67 207.88524
2 68 208.83450
2 69 192.56288
2 70 220.36171
2 71 223.03401
2 72 187.23215
2 73 158.92661
2 74 193.10732
2 75 206.36517
2 76 249.05635
2 77 104.30360
2 78 160.62721
2 79 179.87599
2 80 199.30263
2 81 174.84097
2 82 211.31425
2 83 158.34541
2 84 208.05934
2 85 187.41615
2 86 191.99908
2 87 121.87498
2 88 137.56619
2 89 147.99152
2 90 176.19066
2 91 185.76442
2 92 177.63655
2 93 195.02383
2 94 160.31398
2 95 168.84787
2 96 178.65906
2 97 196.36722
2 98 156.32744
2 99 181.31482
3 4 190.09229
3 5 205.25768
3 6 168.17082
3 7 188.39091
3 8 162.73010
3 9 174.72324
3 10 174.28683
3 11 176.82846
3 12 171.67963
3 13 158.73564
3 14 142.37447
3 15 146.31438
3 16 159.95033
3 17 177.57283
3 18 192.05614
3 19 207.33319
3 20 147.52283
3 21 162.53885
3 22 154.88257
3 23 174.65486
3 24 189.00838
3 25 203.97400
3 26 175.98479
3 27 199.16856
3 28 203.62103
3 29 159.71619
3 30 123.67691
3 31 171.59314
3 32 185.63167
3 33 173.89542
3 34 194.80264
3 35 127.39610
3 36 174.72398
3 37 168.27588
3 38 182.30376
3 39 201.92072
3 40 225.69270
3 41 173.13373
3 42 179.69189
3 43 164.71573
3 44 170.60535
3 45 190.30133
3 46 175.17857
3 47 185.42896
3 48 182.31024
3 49 190.46179
3 50 169.92197
3 51 136.94792
3 52 171.21524
3 53 184.68384
3 54 179.78831
3 55 164.23024
3 56 161.32434
3 57 180.54100
3 58 156.27301
3 59 164.63054
3 60 171.82964
3 61 174.37650
3 62 157.38255
3 63 138.53374
3 64 193.60146
3 65 197.30856
3 66 206.20615
3 67 167.83496
3 68 183.34998
3 69 162.91464
3 70 211.13396
3 71 193.91914
3 72 167.63696
3 73 167.35559
3 74 182.77025
3 75 208.18805
3 76 199.43590
3 77 163.95270
3 78 152.08272
3 79 166.49266
3 80 187.28851
3 81 189.82373
3 82 213.02333
3 83 189.37492
3 84 179.91165
3 85 185.95020
3 86 173.55882
3 87 160.14911
3 88 179.34314
3 89 173.56497
3 90 201.17409
3 91 178.44968
3 92 201.71390
3 93 182.55266
3 94 169.79758
3 95 145.06107
3 96 184.41838
3 97 179.97090
3 98 175.11957
3 99 185.42714
4 5 194.22598
4 6 210.29153
4 7 231.70819
4 8 188.88788
4 9 219.59247
4 10 198.10660
4 11 198.22688
4 12 167.19328
4 13 233.73598
4 14 194.11720
4 15 208.75069
4 16 260.82031
4 17 212.64774
4 18 253.31433
4 19 231.22606
4 20 202.23517
4 21 193.06932
4 22 208.11575
4 23 218.80969
4 24 225.83362
4 25 245.41661
4 26 144.53171
4 27 237.25525
4 28 225.26570
4 29 214.01036
4 30 211.26924
4 31 214.20743
4 32 204.67697
4 33 223.31741
4 34 183.70166
4 35 144.46263
4 36 217.31282
4 37 181.81242
4 38 191.85756
4 39 191.55714
4 40 261.12073
4 41 235.05322
4 42 196.17772
4 43 204.51424
4 44 175.20097
4 45 218.78300
4 46 239.08792
4 47 216.64568
4 48 202.63292
4 49 252.94560
4 50 210.96582
4 51 212.95424
4 52 217.56572
4 53 185.51625
4 54 194.22536
4 55 208.78967
4 56 177.58861
4 57 235.27802
4 58 163.27885
4 59 221.61269
4 60 208.37769
4 61 236.11044
4 62 200.12454
4 63 209.82648
4 64 209.77248
4 65 224.87486
4 66 219.41879
4 67 218.53452
4 68 219.13583
4 69 175.98120
4 70 218.83708
4 71 226.87837
4 72 193.36372
4 73 225.03551
4 74 239.14578
4 75 219.05643
4 76 199.75259
4 77 242.52837
4 78 234.22527
4 79 203.88844
4 80 225.16942
4 81 182.27478
4 82 197.95941
4 83 222.70671
4 84 173.52272
4 85 224.52745
4 86 215.77516
4 87 235.56604
4 88 217.36877
4 89 204.86269
4 90 221.40024
4 91 236.33620
4 92 207.66887
4 93 195.38304
4 94 209.22804
4 95 236.81590
4 96 216.97336
4 97 209.27005
4 98 187.83713
4 99 199.73969
5 6 210.78528
5 7 195.06082
5 8 197.08243
5 9 256.79645
5 10 207.92188
5 11 240.50061
5 12 173.63486
5 13 248.03923
5 14 183.95068
5 15 193.59509
5 16 263.61337
5 17 226.65381
5 18 276.20300
5 19 231.61366
5 20 223.63850
5 21 208.39503
5 22 203.01854
5 23 248.21284
5 24 210.06261
5 25 226.45168
5 26 196.26326
5 27 256.92886
5 28 242.40810
5 29 215.40221
5 30 208.80055
5 31 246.82256
5 32 202.16925
5 33 229.97240
5 34 231.91595
5 35 180.18953
5 36 221.84773
5 37 237.21068
5 38 178.58737
5 39 208.08937
5 40 270.89740
5 41 198.76337
5 42 203.67305
5 43 193.90788
5 44 179.42758
5 45 235.61214
5 46 222.32961
5 47 249.65340
5 48 257.18103
5 49 274.19037
5 50 214.83562
5 51 220.05856
5 52 209.09673
5 53 185.45221
5 54 191.64308
5 55 210.71379
5 56 236.07260
5 57 249.59566
5 58 210.03348
5 59 185.93332
5 60 239.51305
5 61 232.92761
5 62 170.85681
5 63 189.82051
5 64 174.15947
5 65 224.81900
5 66 204.95006
5 67 202.71275
5 68 226.76204
5 69 223.99933
5 70 238.82442
5 71 227.35495
5 72 199.53677
5 73 211.43436
5 74 208.58455
5 75 224.22424
5 76 210.68800
5 77 185.83043
5 78 208.43953
5 79 204.06711
5 80 210.23959
5 81 202.79962
5 82 213.17070
5 83 262.23074
5 84 254.30254
5 85 253.18716
5 86 223.61281
5 87 231.58153
5 88 213.22458
5 89 189.75354
5 90 241.84752
5 91 213.93121
5 92 194.77422
5 93 194.08711
5 94 212.54634
5 95 208.49020
5 96 258.64035
5 97 225.28728
5 98 173.32695
5 99 240.72601
6 7 132.71478
6 8 166.86528
6 9 193.79424
6 10 147.72086
6 11 154.44614
6 12 174.72366
6 13 162.97345
6 14 168.44360
6 15 206.26768
6 16 197.33775
6 17 182.85834
6 18 187.79190
6 19 212.99947
6 20 149.05798
6 21 202.71370
6 22 152.99754
6 23 163.88681
6 24 163.84135
6 25 133.36371
6 26 151.88857
6 27 189.03008
6 28 220.34688
6 29 165.84077
6 30 180.71092
6 31 170.63675
6 32 182.14983
6 33 209.52921
6 34 162.12437
6 35 179.70114
6 36 176.29712
6 37 200.64609
6 38 201.55055
6 39 138.36542
6 40 197.57523
6 41 183.48590
6 42 206.05206
6 43 182.50089
6 44 166.95518
6 45 146.21315
6 46 168.76622
6 47 210.03134
6 48 180.26071
6 49 188.92203
6 50 148.56775
6 51 176.15495
6 52 168.22665
6 53 171.49620
6 54 144.44740
6 55 170.60756
6 56 167.43285
6 57 188.36275
6 58 175.89726
6 59 194.05887
6 60 172.73694
6 61 194.59262
6 62 158.19250
6 63 165.71677
6 64 196.82733
6 65 208.28500
6 66 206.19296
6 67 217.97728
6 68 208.59378
6 69 167.46954
6 70 171.82982
6 71 199.99573
6 72 171.47885
6 73 152.98262
6 74 188.19348
6 75 164.25893
6 76 219.89386
6 77 165.97049
6 78 180.19467
6 79 191.07388
6 80 194.98582
6 81 171.47005
6 82 176.69385
6 83 194.23238
6 84 217.40753
6 85 181.85268
6 86 161.07420
6 87 211.12416
6 88 133.18343
6 89 174.99043
6 90 167.02087
6 91 166.44489
6 92 161.48418
6 93 202.63826
6 94 178.89088
6 95 131.72333
6 96 156.77980
6 97 166.66223
6 98 181.11592
6 99 178.05954
7 8 191.95712
7 9 185.32408
7 10 158.22069
7 11 215.49260
7 12 168.40196
7 13 181.75293
7 14 154.21754
7 15 190.13403
7 16 244.40714
7 17 161.47455
7 18 174.76427
7 19 182.13255
7 20 140.15050
7 21 213.26550
7 22 152.23010
7 23 160.92770
7 24 157.69775
7 25 182.98331
7 26 211.19344
7 27 182.70406
7 28 193.57941
7 29 178.06136
7 30 179.67793
7 31 194.87085
7 32 185.61330
7 33 189.56293
7 34 210.98975
7 35 167.61406
7 36 167.01979
7 37 186.91786
7 38 197.52400
7 39 166.08028
7 40 209.33401
7 41 164.88385
7 42 224.99583
7 43 158.97609
7 44 186.51955
7 45 185.58530
7 46 183.54861
7 47 205.19876
7 48 196.77962
7 49 186.83716
7 50 179.11224
7 51 159.69365
7 52 161.92249
7 53 149.53400
7 54 193.92279
7 55 164.52057
7 56 149.16942
7 57 176.39035
7 58 171.28568
7 59 222.41765
7 60 176.72845
7 61 167.14391
7 62 177.28770
7 63 166.41856
7 64 182.72450
7 65 230.59280
7 66 200.26549
7 67 195.70505
7 68 222.37709
7 69 205.40321
7 70 211.16882
7 71 184.22476
7 72 166.17139
7 73 174.89050
7 74 183.97160
7 75 167.39999
7 76 249.33618
7 77 170.30750
7 78 176.28705
7 79 170.52605
7 80 156.90211
7 81 185.20821
7 82 181.89259
7 83 206.30655
7 84 222.26715
7 85 173.03880
7 86 173.30573
7 87 199.03036
7 88 163.49776
7 89 164.78821
7 90 188.61536
7 91 201.75836
7 92 163.67722
7 93 190.96715
7 94 198.66817
7 95 171.85214
7 96 157.12259
7 97 204.59383
7 98 188.42941
7 99 233.42780
8 9 180.40215
8 10 160.65785
8 11 153.61244
8 12 148.33199
8 13 220.52107
8 14 184.69391
8 15 187.94426
8 16 178.63850
8 17 205.34555
8 18 198.76929
8 19 171.96414
8 20 168.57425
8 21 171.73764
8 22 154.69556
8 23 195.21559
8 24 194.69305
8 25 173.36960
8 26 178.41084
8 27 189.35226
8 28 233.31219
8 29 177.56982
8 30 171.74852
8 31 190.57799
8 32 211.44835
8 33 228.33012
8 34 191.43138
8 35 176.24266
8 36 171.43526
8 37 198.75087
8 38 183.35078
8 39 152.44305
8 40 208.17914
8 41 170.34099
8 42 162.99112
8 43 185.10149
8 44 176.96304
8 45 204.83127
8 46 182.27248
8 47 207.72784
8 48 205.84677
8 49 216.74066
8 50 171.79501
8 51 179.62930
8 52 203.29431
8 53 180.39455
8 54 169.00514
8 55 195.20255
8 56 193.90668
8 57 196.29747
8 58 161.40845
8 59 157.88896
8 60 168.10898
8 61 212.27808
8 62 212.66110
8 63 158.21236
8 64 173.71658
8 65 224.25087
8 66 203.32257
8 67 189.49396
8 68 237.65338
8 69 175.55019
8 70 201.64680
8 71 195.29784
8 72 193.80009
8 73 208.12950
8 74 197.61430
8 75 205.51178
8 76 187.38425
8 77 198.62544
8 78 148.11028
8 79 187.26996
8 80 174.96838
8 81 194.23616
8 82 213.08208
8 83 185.80521
8 84 219.65356
8 85 164.86063
8 86 196.80963
8 87 221.00018
8 88 163.95741
8 89 169.09465
8 90 193.25682
8 91 177.65256
8 92 187.88835
8 93 166.98427
8 94 190.30420
8 95 191.36115
8 96 182.06476
8 97 180.57600
8 98 167.01529
8 99 227.46458
9 10 197.11423
9 11 152.25653
9 12 200.28818
9 13 179.67143
9 14 197.45901
9 15 180.22067
9 16 182.72147
9 17 195.15688
9 18 156.39320
9 19 191.85027
9 20 130.62424
9 21 176.91698
9 22 169.45985
9 23 162.22031
9 24 187.52708
9 25 208.53249
9 26 200.37355
9 27 157.28271
9 28 143.06123
9 29 205.80760
9 30 148.33348
9 31 198.34465
9 32 180.94250
9 33 173.20586
9 34 157.30783
9 35 164.11028
9 36 180.23486
9 37 186.78200
9 38 214.83179
9 39 160.78377
9 40 159.29660
9 41 205.96875
9 42 212.37033
9 43 172.51984
9 44 173.65532
9 45 194.23961
9 46 216.24866
9 47 207.74084
9 48 160.66835
9 49 127.19585
9 50 188.49832
9 51 147.56981
9 52 150.08339
9 53 194.41856
9 54 183.67836
9 55 185.84882
9 56 143.91269
9 57 161.36876
9 58 168.22116
9 59 182.37178
9 60 165.57840
9 61 199.06561
9 62 203.29013
9 63 192.17632
9 64 186.42490
9 65 203.97595
9 66 222.95387
9 67 167.75246
9 68 208.34256
9 69 153.08611
9 70 194.80908
9 71 158.42302
9 72 173.62970
9 73 210.39742
9 74 202.75346
9 75 170.35255
9 76 208.31941
9 77 183.14117
9 78 174.26492
9 79 161.52884
9 80 131.99899
9 81 200.90062
9 82 187.94174
9 83 186.72856
9 84 172.21837
9 85 116.08640
9 86 183.67159
9 87 185.69447
9 88 193.04874
9 89 194.24738
9 90 145.52208
9 91 209.65720
9 92 190.64647
9 93 197.08423
9 94 171.94458
9 95 217.52800
9 96 180.43788
9 97 171.48790
9 98 157.80310
9 99 206.18808
10 11 166.93524
10 12 161.82233
10 13 169.76749
10 14 135.73877
10 15 182.25327
10 16 225.86093
10 17 190.16466
10 18 186.52505
10 19 200.53311
10 20 155.00121
10 21 194.06728
10 22 148.86310
10 23 167.95265
10 24 196.31903
10 25 178.72665
10 26 189.47638
10 27 136.16425
10 28 190.28822
10 29 168.74582
10 30 174.44398
10 31 157.30852
10 32 192.32439
10 33 220.44809
10 34 161.48349
10 35 157.64247
10 36 182.25485
10 37 168.03935
10 38 187.42934
10 39 186.71165
10 40 177.08795
10 41 196.90186
10 42 223.10138
10 43 152.44717
10 44 181.63977
10 45 172.84468
10 46 140.44341
10 47 225.15501
10 48 193.61954
10 49 200.44127
10 50 171.05588
10 51 169.51520
10 52 170.77859
10 53 182.52151
10 54 191.29547
10 55 157.15312
10 56 183.39240
10 57 174.63091
10 58 175.61090
10 59 195.31891
10 60 145.40085
10 61 142.37027
10 62 166.73708
10 63 184.27792
10 64 147.87210
10 65 201.79732
10 66 187.43452
10 67 214.78229
10 68 201.95981
10 69 207.19316
10 70 233.13637
10 71 194.60901
10 72 209.90958
10 73 201.62688
10 74 179.40034
10 75 213.57849
10 76 201.60005
10 77 177.90323
10 78 173.33289
10 79 172.53108
10 80 189.41438
10 81 168.55710
10 82 170.20828
10 83 168.36426
10 84 194.25784
10 85 167.72789
10 86 176.24223
10 87 212.94115
10 88 171.78047
10 89 159.97659
10 90 202.97252
10 91 194.76814
10 92 189.60199
10 93 222.68721
10 94 187.99648
10 95 191.80847
10 96 191.91531
10 97 186.36475
10 98 185.02907
10 99 185.58734
11 12 192.35468
11 13 195.69214
11 14 206.31992
11 15 184.21205
11 16 156.59056
11 17 214.29884
11 18 177.04166
11 19 212.81229
11 20 191.39418
11 21 168.63562
11 22 168.10011
11 23 202.97112
11 24 178.91052
11 25 163.44228
11 26 155.89633
11 27 169.73294
11 28 186.73705
11 29 186.17006
11 30 163.76346
11 31 182.84262
11 32 196.32730
11 33 207.34302
11 34 138.34447
11 35 180.24869
11 36 198.62561
11 37 198.63766
11 38 207.77798
11 39 151.72881
11 40 178.78844
11 41 193.89583
11 42 219.23274
11 43 193.17915
11 44 145.82426
11 45 138.65225
11 46 178.99065
11 47 214.89854
11 48 166.02980
11 49 187.83212
11 50 160.58368
11 51 169.08109
11 52 178.13847
11 53 195.22359
11 54 146.04199
11 55 190.61925
11 56 192.59633
11 57 168.80772
11 58 181.39212
11 59 146.66698
11 60 163.44168
11 61 196.97894
11 62 178.05302
11 63 203.19424
11 64 160.83792
11 65 208.95543
11 66 229.48560
11 67 207.79124
11 68 202.75861
11 69 148.87767
11 70 142.64650
11 71 197.94629
11 72 190.42227
11 73 173.34778
11 74 209.34555
11 75 185.74501
11 76 149.73268
11 77 193.36748
11 78 195.29849
11 79 180.74747
11 80 177.08601
11 81 188.23508
11 82 194.63904
11 83 180.73596
11 84 173.89478
11 85 177.44757
11 86 195.19269
11 87 204.11436
11 88 152.39622
11 89 181.98236
11 90 164.62209
11 91 205.13304
11 92 170.83018
11 93 201.70067
11 94 184.19543
11 95 178.91223
11 96 207.01457
11 97 149.16315
11 98 174.31766
11 99 167.09749
12 13 226.05328
12 14 176.86595
12 15 156.91434
12 16 243.78175
12 17 197.63977
12 18 194.34276
12 19 140.10432
12 20 161.90607
12 21 177.43645
12 22 158.69980
12 23 201.41307
12 24 185.73067
12 25 231.82750
12 26 169.93596
12 27 191.83592
12 28 202.54384
12 29 171.64319
12 30 183.15483
12 31 208.40050
12 32 197.48256
12 33 186.99078
12 34 187.48767
12 35 173.56465
12 36 214.32312
12 37 185.97067
12 38 167.81914
12 39 161.29141
12 40 206.50934
12 41 194.09875
12 42 193.56674
12 43 162.60416
12 44 174.52806
12 45 212.27650
12 46 185.09602
12 47 217.94876
12 48 202.56601
12 49 232.08832
12 50 210.31242
12 51 181.38895
12 52 192.86868
12 53 119.03942
12 54 192.56963
12 55 199.66406
12 56 186.33287
12 57 192.82111
12 58 183.25945
12 59 166.44858
12 60 209.85788
12 61 171.80325
12 62 197.60213
12 63 182.10130
12 64 162.33382
12 65 223.55307
12 66 177.80501
12 67 180.95103
12 68 215.91435
12 69 199.46587
12 70 215.96538
12 71 172.03842
12 72 149.84282
12 73 190.94966
12 74 178.09387
12 75 187.38872
12 76 233.66919
12 77 186.98767
12 78 200.06749
12 79 152.40205
12 80 184.62410
12 81 193.91533
12 82 178.41022
12 83 195.57004
12 84 209.05196
12 85 198.49193
12 86 182.65985
12 87 180.87265
12 88 187.05527
12 89 145.58751
12 90 213.87955
12 91 187.58589
12 92 195.93091
12 93 188.31091
12 94 194.70943
12 95 185.53989
12 96 182.58719
12 97 220.42171
12 98 159.32140
12 99 212.56319
13 14 158.29340
13 15 215.00327
13 16 186.78485
13 17 195.25029
13 18 187.04941
13 19 238.05785
13 20 137.75285
13 21 168.19801
13 22 128.99474
13 23 141.91766
13 24 176.51350
13 25 196.04102
13 26 196.62886
13 27 180.98698
13 28 159.32913
13 29 210.90257
13 30 182.37712
13 31 176.97670
13 32 184.41803
13 33 182.47469
13 34 162.51036
13 35 158.63391
13 36 189.06108
13 37 174.95273
13 38 222.36401
13 39 205.28842
13 40 196.76328
13 41 198.95288
13 42 198.21683
13 43 188.76866
13 44 208.64081
13 45 163.95859
13 46 143.27727
13 47 240.24413
13 48 185.05411
13 49 154.51962
13 50 172.32437
13 51 151.89250
13 52 161.98515
13 53 231.85083
13 54 194.52118
13 55 132.14262
13 56 152.39200
13 57 148.83098
13 58 192.82356
13 59 214.36070
13 60 173.24036
13 61 175.22466
13 62 161.03867
13 63 182.68880
13 64 213.06500
13 65 186.56665
13 66 182.47722
13 67 198.14732
13 68 194.32857
13 69 157.03549
13 70 199.73596
13 71 206.70601
13 72 191.07642
13 73 197.44936
13 74 224.98096
13 75 193.13469
13 76 234.43146
13 77 170.42180
13 78 180.70198
13 79 186.69693
13 80 199.82372
13 81 151.72800
13 82 187.79968
13 83 183.90602
13 84 193.20107
13 85 182.20039
13 86 182.59015
13 87 195.64476
13 88 187.79643
13 89 166.98265
13 90 141.18675
13 91 224.64986
13 92 174.52435
13 93 236.42644
13 94 186.68283
13 95 185.12552
13 96 191.25256
13 97 194.89090
13 98 219.39326
13 99 138.18904
14 15 171.89513
14 16 206.65956
14 17 129.75827
14 18 202.20363
14 19 221.90065
14 20 153.84215
14 21 205.06837
14 22 157.77365
14 23 178.46217
14 24 173.41147
14 25 199.58307
14 26 190.27800
14 27 186.52469
14 28 187.51682
14 29 202.30211
14 30 156.97377
14 31 162.97722
14 32 179.88875
14 33 222.63441
14 34 184.89172
14 35 128.84779
14 36 184.51642
14 37 154.74080
14 38 188.16756
14 39 202.24825
14 40 200.75903
14 41 186.34569
14 42 200.04526
14 43 166.84158
14 44 157.66183
14 45 193.50449
14 46 182.72655
14 47 205.38129
14 48 190.29271
14 49 185.50294
14 50 200.11400
14 51 159.96483
14 52 174.47495
14 53 190.25665
14 54 200.11571
14 55 128.35083
14 56 161.85426
14 57 159.58324
14 58 165.80511
14 59 218.64572
14 60 162.57304
14 61 171.78726
14 62 148.18594
14 63 143.33704
14 64 156.46767
14 65 208.41214
14 66 172.69606
14 67 163.52950
14 68 166.97592
14 69 193.51805
14 70 228.26375
14 71 187.39944
14 72 195.09673
14 73 177.26823
14 74 167.64359
14 75 192.64522
14 76 184.63591
14 77 150.35095
14 78 175.94902
14 79 159.49132
14 80 195.04779
14 81 169.05817
14 82 185.63190
14 83 185.29176
14 84 200.77979
14 85 159.21924
14 86 164.22717
14 87 209.12566
14 88 170.80887
14 89 181.25017
14 90 199.13780
14 91 176.44331
14 92 203.37787
14 93 216.28516
14 94 178.86137
14 95 199.32741
14 96 203.51768
14 97 197.66162
14 98 182.78447
14 99 205.55193
15 16 217.23218
15 17 186.25186
15 18 197.51263
15 19 201.38356
15 20 169.38356
15 21 184.41211
15 22 169.90431
15 23 218.03508
15 24 204.26262
15 25 229.69179
15 26 219.43152
15 27 185.47060
15 28 208.46169
15 29 157.93965
15 30 136.52774
15 31 209.53142
15 32 176.52843
15 33 181.42868
15 34 214.90320
15 35 146.99509
15 36 194.30255
15 37 193.22029
15 38 193.01945
15 39 219.45030
15 40 210.77434
15 41 202.67628
15 42 211.35512
15 43 156.62172
15 44 178.56804
15 45 212.69928
15 46 206.60254
15 47 213.12852
15 48 192.23326
15 49 218.30513
15 50 195.77641
15 51 189.54936
15 52 190.50529
15 53 162.65372
15 54 188.30585
15 55 199.89784
15 56 199.87083
15 57 183.30220
15 58 161.49278
15 59 153.48050
15 60 201.01300
15 61 164.44075
15 62 177.77545
15 63 198.56935
15 64 155.91209
15 65 209.96956
15 66 213.54559
15 67 171.52913
15 68 163.63567
15 69 211.83202
15 70 233.98888
15 71 178.20122
15 72 158.69740
15 73 165.30962
15 74 155.04367
15 75 222.75082
15 76 205.72820
15 77 163.35242
15 78 184.79787
15 79 149.14345
15 80 147.03456
15 81 217.18546
15 82 196.38127
15 83 182.21756
15 84 195.44420
15 85 176.92899
15 86 166.84932
15 87 140.55829
15 88 195.73232
15 89 188.08493
15 90 234.31747
15 91 212.99825
15 92 209.52489
15 93 190.60889
15 94 173.34251
15 95 210.08951
15 96 201.88683
15 97 176.57169
15 98 157.21063
15 99 220.89140
16 17 218.19325
16 18 203.74132
16 19 256.28821
16 20 196.68050
16 21 198.13617
16 22 190.09451
16 23 230.67102
16 24 203.08424
16 25 205.47424
16 26 206.85309
16 27 237.76227
16 28 227.10924
16 29 213.19980
16 30 174.27313
16 31 219.67299
16 32 215.11310
16 33 227.54124
16 34 201.96939
16 35 198.45407
16 36 195.64857
16 37 222.03670
16 38 242.00484
16 39 195.30412
16 40 223.10123
16 41 201.64977
16 42 186.09598
16 43 225.07788
16 44 185.18622
16 45 198.86081
16 46 186.54440
16 47 251.12404
16 48 215.18727
16 49 193.91029
16 50 221.91008
16 51 177.59570
16 52 212.36400
16 53 242.05496
16 54 192.54201
16 55 203.72636
16 56 223.38400
16 57 182.73822
16 58 209.54646
16 59 187.53954
16 60 188.51546
16 61 214.03682
16 62 217.89861
16 63 177.46294
16 64 205.10883
16 65 202.09656
16 66 247.44423
16 67 202.40196
16 68 226.92360
16 69 171.17429
16 70 190.48654
16 71 242.53409
16 72 229.91382
16 73 204.76088
16 74 246.49092
16 75 219.78499
16 76 195.57289
16 77 176.46355
16 78 190.78107
16 79 221.29074
16 80 217.81601
16 81 209.06395
16 82 245.89084
16 83 201.16219
16 84 217.84718
16 85 209.35542
16 86 238.22054
16 87 202.21550
16 88 165.43416
16 89 200.76231
16 90 182.94431
16 91 200.71356
16 92 209.24811
16 93 214.33820
16 94 208.56270
16 95 183.04968
16 96 251.64278
16 97 176.91902
16 98 222.31171
16 99 211.42249
17 18 205.32979
17 19 236.23274
17 20 161.03806
17 21 224.27499
17 22 154.57707
17 23 164.29654
17 24 174.14580
17 25 215.51268
17 26 207.37067
17 27 196.07008
17 28 203.78358
17 29 199.60341
17 30 193.61990
17 31 151.31435
17 32 201.95750
17 33 212.75479
17 34 217.63158
17 35 161.65947
17 36 205.14932
17 37 174.54018
17 38 195.70335
17 39 217.97032
17 40 182.32478
17 41 179.41359
17 42 221.78906
17 43 175.76251
17 44 200.97261
17 45 223.31850
17 46 222.36371
17 47 210.22757
17 48 182.66478
17 49 189.10439
17 50 207.43037
17 51 178.68675
17 52 188.54674
17 53 177.58505
17 54 181.43306
17 55 192.01826
17 56 157.03412
17 57 176.52995
17 58 161.03838
17 59 229.13268
17 60 157.82504
17 61 189.97986
17 62 196.11426
17 63 155.93323
17 64 196.00653
17 65 229.74072
17 66 194.59464
17 67 190.44173
17 68 150.01134
17 69 197.97623
17 70 221.26796
17 71 177.23488
17 72 216.50073
17 73 170.78889
17 74 198.69708
17 75 176.60976
17 76 207.14264
17 77 185.65167
17 78 214.17950
17 79 181.02298
17 80 177.75768
17 81 167.61041
17 82 189.01062
17 83 186.93480
17 84 203.76640
17 85 168.02586
17 86 182.61011
17 87 213.92867
17 88 163.88393
17 89 193.00568
17 90 190.59944
17 91 201.35475
17 92 193.71274
17 93 235.97052
17 94 175.99217
17 95 230.59671
17 96 212.90358
17 97 198.14682
17 98 213.11867
17 99 226.65077
18 19 185.02620
18 20 164.40886
18 21 182.87540
18 22 155.02834
18 23 203.42545
18 24 140.70462
18 25 211.50282
18 26 216.24788
18 27 170.16563
18 28 161.58252
18 29 206.83798
18 30 193.27713
18 31 182.23396
18 32 172.81366
18 33 172.80478
18 34 207.34953
18 35 182.46912
18 36 181.41760
18 37 160.85828
18 38 227.90594
18 39 156.43208
18 40 172.31941
18 41 160.81438
18 42 242.10747
18 43 166.92172
18 44 211.06470
18 45 210.83873
18 46 189.79646
18 47 202.10272
18 48 160.82579
18 49 159.39717
18 50 200.65356
18 51 159.32948
18 52 201.92213
18 53 213.87967
18 54 235.33543
18 55 159.38695
18 56 176.60576
18 57 112.95759
18 58 188.67189
18 59 198.93094
18 60 188.54173
18 61 173.80969
18 62 202.40472
18 63 203.46454
18 64 159.71844
18 65 197.25560
18 66 193.56148
18 67 189.53554
18 68 232.15639
18 69 201.13705
18 70 183.15636
18 71 162.68835
18 72 168.96738
18 73 173.04881
18 74 215.81244
18 75 187.61198
18 76 247.74545
18 77 183.27754
18 78 188.57115
18 79 182.03075
18 80 191.52199
18 81 214.88593
18 82 176.54054
18 83 157.41733
18 84 160.50833
18 85 156.68970
18 86 180.18307
18 87 159.58035
18 88 184.90961
18 89 154.44302
18 90 168.25493
18 91 226.96053
18 92 180.04590
18 93 216.93156
18 94 185.31432
18 95 186.81822
18 96 171.81149
18 97 229.85335
18 98 213.14890
18 99 234.72820
19 20 186.99550
19 21 174.48099
19 22 187.19769
19 23 201.91072
19 24 183.60207
19 25 248.86324
19 26 223.98607
19 27 183.52003
19 28 203.17601
19 29 181.45737
19 30 187.42163
19 31 214.75714
19 32 235.96553
19 33 214.59457
19 34 218.99869
19 35 183.92892
19 36 195.83940
19 37 216.40276
19 38 176.80840
19 39 173.22159
19 40 224.95569
19 41 197.16150
19 42 213.66998
19 43 204.13522
19 44 188.56084
19 45 217.97592
19 46 204.08592
19 47 213.07411
19 48 192.73964
19 49 214.08920
19 50 223.06181
19 51 190.68463
19 52 208.83231
19 53 174.44438
19 54 217.96523
19 55 204.08238
19 56 187.28294
19 57 197.18617
19 58 211.52907
19 59 191.50604
19 60 192.58241
19 61 216.06293
19 62 230.61867
19 63 199.21837
19 64 188.81284
19 65 232.27208
19 66 185.52660
19 67 185.82240
19 68 271.55591
19 69 220.97804
19 70 223.97679
19 71 192.81596
19 72 157.66951
19 73 196.99031
19 74 185.15382
19 75 228.74031
19 76 254.04456
19 77 203.16951
19 78 166.90463
19 79 165.45406
19 80 172.61522
19 81 226.60640
19 82 250.53700
19 83 193.83884
19 84 246.08694
19 85 202.70517
19 86 193.16180
19 87 184.16203
19 88 213.58456
19 89 145.15990
19 90 216.72176
19 91 212.28989
19 92 226.12758
19 93 154.24922
19 94 202.28404
19 95 210.97871
19 96 186.51842
19 97 236.20143
19 98 196.70677
19 99 232.91432
20 21 172.72357
20 22 130.29955
20 23 126.87227
20 24 182.70183
20 25 191.37909
20 26 197.58902
20 27 147.86493
20 28 169.66969
20 29 166.59462
20 30 170.24948
20 31 176.13857
20 32 170.72900
20 33 152.78941
20 34 154.55798
20 35 139.47186
20 36 173.05165
20 37 145.49124
20 38 187.67490
20 39 169.95128
20 40 173.29770
20 41 191.50226
20 42 185.64227
20 43 159.70030
20 44 194.56204
20 45 203.01732
20 46 172.05276
20 47 215.67781
20 48 161.26094
20 49 143.70973
20 50 177.27156
20 51 139.43654
20 52 137.02951
20 53 179.67996
20 54 179.12952
20 55 168.26094
20 56 135.33057
20 57 153.43027
20 58 144.28902
20 59 194.76009
20 60 149.46545
20 61 173.80632
20 62 178.21078
20 63 177.28262
20 64 193.99571
20 65 185.12283
20 66 176.48039
20 67 162.76649
20 68 190.04214
20 69 157.92889
20 70 220.91171
20 71 173.46101
20 72 164.84731
20 73 197.09367
20 74 160.46051
20 75 176.68266
20 76 240.32541
20 77 151.89810
20 78 147.68550
20 79 185.17122
20 80 155.04170
20 81 161.87329
20 82 158.45456
20 83 162.85172
20 84 176.98651
20 85 135.75404
20 86 136.65630
20 87 170.88116
20 88 179.84535
20 89 158.67458
20 90 160.81503
20 91 186.26517
20 92 165.60011
20 93 196.17917
20 94 160.20819
20 95 184.32228
20 96 148.29660
20 97 179.15027
20 98 169.02541
20 99 192.60614
21 22 119.10260
21 23 190.33836
21 24 167.57050
21 25 230.42857
21 26 169.48190
21 27 168.37073
21 28 162.37883
21 29 176.56824
21 30 202.71645
21 31 174.08827
21 32 204.74898
21 33 182.10023
21 34 164.14609
21 35 145.19559
21 36 181.24008
21 37 182.28548
21 38 149.98878
21 39 175.54478
21 40 207.24898
21 41 154.02626
21 42 179.55058
21 43 183.67030
21 44 183.63481
21 45 198.59021
21 46 183.98264
21 47 226.13271
21 48 202.00070
21 49 193.43871
21 50 138.15207
21 51 156.75229
21 52 165.08952
21 53 218.42542
21 54 160.39291
21 55 169.29799
21 56 159.96237
21 57 164.73705
21 58 182.16599
21 59 139.24699
21 60 198.38188
21 61 193.26076
21 62 154.99701
21 63 196.05605
21 64 178.65581
21 65 192.23752
21 66 183.79529
21 67 180.15430
21 68 219.87607
21 69 136.89511
21 70 183.44823
21 71 204.44046
21 72 159.11377
21 73 174.53461
21 74 214.14626
21 75 181.45532
21 76 222.62157
21 77 184.39595
21 78 164.77943
21 79 167.51550
21 80 181.17091
21 81 180.26378
21 82 207.55272
21 83 165.42961
21 84 173.73271
21 85 199.45560
21 86 192.05998
21 87 158.46645
21 88 180.63889
21 89 111.00746
21 90 143.49843
21 91 226.68701
21 92 150.93590
21 93 187.92227
21 94 187.18758
21 95 188.34476
21 96 176.25520
21 97 213.96762
21 98 157.62886
21 99 152.41542
22 23 134.32011
22 24 141.44547
22 25 181.10329
22 26 172.32481
22 27 140.39070
22 28 154.13130
22 29 170.81880
22 30 185.02415
22 31 139.92300
22 32 179.76437
22 33 162.55460
22 34 170.39195
22 35 153.82411
22 36 174.44035
22 37 156.50410
22 38 170.97208
22 39 174.34747
22 40 156.05669
22 41 124.65067
22 42 173.88379
22 43 147.60941
22 44 201.40819
22 45 186.91885
22 46 143.01994
22 47 209.16354
22 48 182.25714
22 49 165.61147
22 50 129.12561
22 51 134.24300
22 52 160.70641
22 53 180.73090
22 54 152.81534
22 55 148.58401
22 56 140.80605
22 57 127.80988
22 58 167.56622
22 59 152.76126
22 60 164.87654
22 61 151.62184
22 62 158.30869
22 63 162.15671
22 64 164.09715
22 65 198.97188
22 66 155.39476
22 67 178.22244
22 68 180.43422
22 69 141.20894
22 70 175.34647
22 71 155.87796
22 72 165.48999
22 73 163.35995
22 74 200.83725
22 75 142.21594
22 76 215.36394
22 77 169.50777
22 78 161.82748
22 79 152.56020
22 80 147.83473
22 81 150.53526
22 82 150.26483
22 83 153.20442
22 84 178.04805
22 85 156.79230
22 86 161.00511
22 87 175.61028
22 88 151.71849
22 89 111.53590
22 90 118.72537
22 91 208.96208
22 92 128.34798
22 93 215.81821
22 94 168.59271
22 95 183.62241
22 96 158.62105
22 97 189.89360
22 98 179.73271
22 99 163.34425
23 24 192.91010
23 25 182.94914
23 26 214.08212
23 27 157.11501
23 28 177.53975
23 29 202.81543
23 30 185.01221
23 31 159.84074
23 32 204.60252
23 33 194.02449
23 34 189.37737
23 35 162.78604
23 36 189.20697
23 37 172.31726
23 38 185.62155
23 39 203.11665
23 40 180.75964
23 41 204.41376
23 42 212.54634
23 43 165.17241
23 44 220.12225
23 45 185.22453
23 46 179.18690
23 47 193.20064
23 48 185.81749
23 49 159.53410
23 50 165.78139
23 51 153.40816
23 52 150.52122
23 53 189.36687
23 54 165.81718
23 55 190.76085
23 56 139.88611
23 57 176.50209
23 58 192.68365
23 59 207.63387
23 60 136.79160
23 61 199.13579
23 62 189.50475
23 63 167.48248
23 64 228.95926
23 65 214.45123
23 66 186.74741
23 67 218.60445
23 68 200.23297
23 69 162.72650
23 70 228.61386
23 71 164.21497
23 72 195.58382
23 73 207.19011
23 74 206.00902
23 75 189.83504
23 76 230.94075
23 77 213.01735
23 78 173.19922
23 79 183.42146
23 80 145.28639
23 81 177.50995
23 82 193.82222
23 83 194.62476
23 84 221.57387
23 85 156.48952
23 86 162.69183
23 87 228.24936
23 88 194.46840
23 89 185.76500
23 90 153.49956
23 91 199.85806
23 92 191.14755
23 93 228.62625
23 94 189.77614
23 95 218.62729
23 96 178.31148
23 97 187.39207
23 98 216.78268
23 99 178.42566
24 25 174.11197
24 26 177.12820
24 27 181.63202
24 28 163.65884
24 29 201.96576
24 30 184.81651
24 31 157.04317
24 32 145.97502
24 33 183.91977
24 34 185.67696
24 35 162.71584
24 36 182.44954
24 37 185.11353
24 38 166.40320
24 39 141.67976
24 40 181.10394
24 41 146.69408
24 42 216.63089
24 43 183.74179
24 44 171.81181
24 45 172.99028
24 46 181.05481
24 47 187.63785
24 48 168.22095
24 49 157.29665
24 50 180.48706
24 51 157.37799
24 52 174.59729
24 53 208.88609
24 54 185.27724
24 55 117.46856
24 56 171.16978
24 57 138.66084
24 58 167.29895
24 59 174.87535
24 60 179.95285
24 61 199.85965
24 62 160.92020
24 63 157.42844
24 64 150.62865
24 65 190.86349
24 66 151.24817
24 67 138.74393
24 68 184.28300
24 69 184.38261
24 70 152.26422
24 71 159.19963
24 72 135.67528
24 73 127.56761
24 74 199.22198
24 75 150.37375
24 76 215.37134
24 77 169.21786
24 78 200.22101
24 79 157.91234
24 80 191.47302
24 81 171.70200
24 82 174.22455
24 83 156.37376
24 84 189.95306
24 85 177.26482
24 86 170.82117
24 87 189.46422
24 88 167.79962
24 89 124.53828
24 90 147.46812
24 91 181.25133
24 92 146.35097
24 93 183.76306
24 94 180.12775
24 95 168.36169
24 96 185.89169
24 97 200.55894
24 98 197.47523
24 99 193.93863
25 26 219.04292
25 27 200.04701
25 28 234.27870
25 29 227.56636
25 30 190.30682
25 31 199.42096
25 32 183.05269
25 33 228.06387
25 34 203.80695
25 35 201.02251
25 36 203.44994
25 37 206.65941
25 38 220.90889
25 39 182.23885
25 40 218.67035
25 41 201.00562
25 42 241.45995
25 43 207.16566
25 44 207.89517
25 45 167.00073
25 46 176.05783
25 47 197.49020
25 48 197.99957
25 49 196.32475
25 50 166.39001
25 51 186.71967
25 52 192.22604
25 53 230.57730
25 54 179.50723
25 55 187.21251
25 56 226.37163
25 57 191.41904
25 58 195.37898
25 59 193.58690
25 60 160.66945
25 61 246.58647
25 62 180.68121
25 63 195.72891
25 64 201.31812
25 65 226.68428
25 66 214.95869
25 67 219.99124
25 68 216.03975
25 69 192.20818
25 70 197.01373
25 71 199.98015
25 72 206.32828
25 73 197.97601
25 74 200.34253
25 75 214.54581
25 76 188.50395
25 77 213.37421
25 78 185.44745
25 79 235.81987
25 80 190.72623
25 81 205.50002
25 82 195.14294
25 83 219.88615
25 84 239.05817
25 85 183.89894
25 86 170.61040
25 87 267.72266
25 88 191.30777
25 89 216.37566
25 90 194.49182
25 91 190.65558
25 92 172.14142
25 93 216.97578
25 94 208.23271
25 95 184.66167
25 96 217.75900
25 97 164.54184
25 98 228.85558
25 99 227.59091
26 27 218.37192
26 28 201.40353
26 29 184.79520
26 30 195.79662
26 31 172.38708
26 32 189.34201
26 33 210.16591
26 34 140.55093
26 35 174.11354
26 36 197.10739
26 37 214.09354
26 38 201.15866
26 39 142.47495
26 40 215.22267
26 41 189.44321
26 42 171.54895
26 43 206.94156
26 44 150.45822
26 45 196.79895
26 46 217.73051
26 47 221.81752
26 48 183.01787
26 49 207.52045
26 50 180.24438
26 51 188.70859
26 52 208.87346
26 53 186.45892
26 54 161.75633
26 55 169.04518
26 56 156.71121
26 57 220.97276
26 58 185.63324
26 59 184.29950
26 60 210.00842
26 61 219.94014
26 62 179.79349
26 63 181.90688
26 64 184.75459
26 65 205.25246
26 66 215.89929
26 67 204.95358
26 68 218.05421
26 69 144.31870
26 70 149.76846
26 71 210.86497
26 72 176.72670
26 73 181.61041
26 74 245.59784
26 75 149.22839
26 76 201.85190
26 77 195.88840
26 78 218.93941
26 79 176.59700
26 80 228.73344
26 81 173.57799
26 82 175.26176
26 83 207.98845
26 84 172.49075
26 85 218.46500
26 86 210.14311
26 87 210.90379
26 88 180.38005
26 89 167.77434
26 90 156.24750
26 91 211.33350
26 92 187.19629
26 93 208.32613
26 94 175.58656
26 95 186.17752
26 96 200.65889
26 97 186.84958
26 98 163.99225
26 99 148.30644
27 28 157.40619
27 29 173.97406
27 30 196.01764
27 31 133.95837
27 32 212.33046
27 33 209.64336
27 34 148.81561
27 35 174.88751
27 36 202.42041
27 37 180.41122
27 38 175.40247
27 39 205.38576
27 40 144.43298
27 41 202.28564
27 42 248.28387
27 43 195.63239
27 44 207.37851
27 45 205.87592
27 46 193.39262
27 47 218.18779
27 48 175.77776
27 49 138.73476
27 50 161.55922
27 51 155.42659
27 52 155.27246
27 53 226.09119
27 54 190.00780
27 55 169.61913
27 56 165.10431
27 57 161.18811
27 58 183.43762
27 59 187.98773
27 60 148.79932
27 61 190.18002
27 62 183.44798
27 63 226.04050
27 64 174.45305
27 65 232.18483
27 66 203.57297
27 67 186.19849
27 68 199.51250
27 69 195.83031
27 70 240.04317
27 71 183.82097
27 72 196.51810
27 73 198.67160
27 74 166.13637
27 75 190.25020
27 76 234.40984
27 77 200.85330
27 78 179.84848
27 79 178.88013
27 80 167.09497
27 81 206.74356
27 82 187.02377
27 83 139.99263
27 84 189.17130
27 85 144.58411
27 86 148.89987
27 87 214.74643
27 88 209.70822
27 89 165.49263
27 90 179.02933
27 91 219.02287
27 92 195.83063
27 93 236.42558
27 94 194.98866
27 95 231.11482
27 96 171.34491
27 97 192.34015
27 98 182.44562
27 99 185.32874
28 29 233.76190
28 30 193.30600
28 31 196.24129
28 32 190.86716
28 33 150.82478
28 34 157.98656
28 35 166.06348
28 36 222.35361
28 37 154.71080
28 38 211.77693
28 39 191.03732
28 40 175.98225
28 41 189.58653
28 42 237.71101
28 43 182.69109
28 44 191.34390
28 45 201.97433
28 46 187.73213
28 47 224.85420
28 48 169.70168
28 49 142.03491
28 50 211.87721
28 51 121.39490
28 52 160.52031
28 53 212.93021
28 54 219.75677
28 55 157.30693
28 56 157.17589
28 57 128.36340
28 58 217.77582
28 59 200.42596
28 60 181.47147
28 61 181.01663
28 62 174.56677
28 63 221.81166
28 64 157.57162
28 65 207.16782
28 66 189.32091
28 67 173.26114
28 68 211.00198
28 69 162.15836
28 70 190.24648
28 71 171.71240
28 72 186.02350
28 73 209.75589
28 74 223.96390
28 75 163.45105
28 76 216.85503
28 77 190.95403
28 78 205.70425
28 79 172.39246
28 80 171.18388
28 81 188.37187
28 82 166.48285
28 83 204.20403
28 84 152.39261
28 85 188.32661
28 86 192.83948
28 87 193.47852
28 88 218.75980
28 89 158.46861
28 90 138.91814
28 91 251.94171
28 92 176.47108
28 93 239.05557
28 94 197.19624
28 95 223.17474
28 96 229.01387
28 97 225.16444
28 98 204.51077
28 99 181.67433
29 30 173.83759
29 31 165.12297
29 32 210.45845
29 33 205.04340
29 34 197.72476
29 35 154.81689
29 36 150.61743
29 37 215.00912
29 38 169.50719
29 39 196.16183
29 40 229.49602
29 41 190.17693
29 42 189.32567
29 43 201.44347
29 44 180.18477
29 45 212.35985
29 46 198.63243
29 47 216.75499
29 48 190.31052
29 49 202.87891
29 50 177.01030
29 51 183.17303
29 52 197.84256
29 53 174.34430
29 54 164.98099
29 55 195.94948
29 56 172.50925
29 57 221.54854
29 58 166.41930
29 59 180.73438
29 60 170.62669
29 61 179.49477
29 62 196.42961
29 63 193.53825
29 64 191.59953
29 65 208.54227
29 66 237.09525
29 67 207.22382
29 68 222.20984
29 69 204.21707
29 70 233.07063
29 71 235.30542
29 72 178.02548
29 73 159.37367
29 74 190.11566
29 75 214.86345
29 76 248.61205
29 77 178.66042
29 78 170.84184
29 79 186.10072
29 80 188.37280
29 81 209.93828
29 82 223.59181
29 83 157.80582
29 84 202.83089
29 85 217.21924
29 86 185.33031
29 87 154.88182
29 88 181.87030
29 89 148.48019
29 90 218.85922
29 91 205.80750
29 92 208.51869
29 93 168.17595
29 94 186.66982
29 95 182.05602
29 96 178.57462
29 97 157.49785
29 98 178.58551
29 99 186.85860
30 31 200.75250
30 32 162.38118
30 33 187.28192
30 34 198.58081
30 35 139.33510
30 36 160.46530
30 37 199.46721
30 38 209.41350
30 39 190.24847
30 40 214.15871
30 41 207.54898
30 42 181.41539
30 43 172.39932
30 44 143.33405
30 45 164.51816
30 46 177.77214
30 47 172.81941
30 48 159.88513
30 49 173.76862
30 50 206.31575
30 51 158.69510
30 52 190.93504
30 53 161.99226
30 54 191.42242
30 55 159.38609
30 56 178.56506
30 57 184.28456
30 58 170.96008
30 59 167.58127
30 60 154.05222
30 61 183.54480
30 62 191.58482
30 63 146.49162
30 64 164.55266
30 65 193.15869
30 66 211.99588
30 67 157.46083
30 68 190.96472
30 69 190.83316
30 70 204.39751
30 71 169.92206
30 72 154.80266
30 73 178.75284
30 74 183.34450
30 75 220.22679
30 76 168.91499
30 77 167.04749
30 78 158.47256
30 79 135.94536
30 80 146.77573
30 81 207.31786
30 82 213.27583
30 83 194.78915
30 84 206.05779
30 85 164.31740
30 86 176.97076
30 87 177.10405
30 88 197.61307
30 89 193.77643
30 90 209.38068
30 91 181.25108
30 92 227.74718
30 93 155.60329
30 94 166.19908
30 95 187.37784
30 96 211.26628
30 97 128.96924
30 98 184.99832
30 99 198.62376
31 32 200.78786
31 33 228.00305
31 34 178.75822
31 35 156.87041
31 36 178.39363
31 37 184.60738
31 38 163.24690
31 39 203.69905
31 40 166.00400
31 41 168.79649
31 42 223.68929
31 43 193.64738
31 44 202.70068
31 45 215.51382
31 46 213.69231
31 47 189.22968
31 48 165.74263
31 49 156.01750
31 50 149.48474
31 51 173.04018
31 52 189.63004
31 53 229.53247
31 54 173.18694
31 55 149.40836
31 56 147.50191
31 57 185.21008
31 58 168.18411
31 59 196.67191
31 60 145.33026
31 61 209.59285
31 62 171.45441
31 63 175.32031
31 64 187.66573
31 65 208.30598
31 66 188.83287
31 67 197.19299
31 68 180.61211
31 69 188.37904
31 70 218.00441
31 71 185.67906
31 72 204.11082
31 73 155.39243
31 74 199.03644
31 75 184.45139
31 76 215.77928
31 77 197.00748
31 78 186.86981
31 79 179.31227
31 80 207.26398
31 81 186.99654
31 82 194.03218
31 83 135.41652
31 84 182.08583
31 85 167.86729
31 86 158.94765
31 87 214.96599
31 88 186.77670
31 89 161.28404
31 90 168.66844
31 91 197.16359
31 92 201.00922
31 93 234.00485
31 94 162.72235
31 95 217.94746
31 96 178.16388
31 97 190.32141
31 98 198.95146
31 99 172.43774
32 33 175.07271
32 34 195.06650
32 35 147.68085
32 36 168.50832
32 37 187.04477
32 38 199.43297
32 39 159.07809
32 40 195.91649
32 41 215.20898
32 42 204.54669
32 43 148.88034
32 44 187.37914
32 45 196.30415
32 46 199.34296
32 47 193.04025
32 48 184.57137
32 49 181.02757
32 50 205.35570
32 51 194.12564
32 52 190.19168
32 53 204.83687
32 54 201.20198
32 55 146.21564
32 56 200.63617
32 57 179.10835
32 58 157.19962
32 59 174.62057
32 60 200.59840
32 61 198.36014
32 62 171.08377
32 63 170.65677
32 64 157.40356
32 65 132.81401
32 66 176.96747
32 67 167.63916
32 68 161.02557
32 69 203.72939
32 70 208.99458
32 71 149.75589
32 72 138.61093
32 73 179.94093
32 74 212.56364
32 75 195.46942
32 76 218.15939
32 77 173.38739
32 78 211.91718
32 79 171.34830
32 80 193.06664
32 81 191.85910
32 82 124.13363
32 83 173.55191
32 84 176.25343
32 85 167.22156
32 86 172.57471
32 87 186.53430
32 88 205.05237
32 89 181.41983
32 90 186.90585
32 91 181.12524
32 92 182.09016
32 93 191.97815
32 94 171.46977
32 95 201.56343
32 96 207.71101
32 97 166.42157
32 98 189.40257
32 99 205.86488
33 34 210.75826
33 35 177.44656
33 36 229.33044
33 37 169.62944
33 38 229.85973
33 39 205.43414
33 40 225.03839
33 41 183.31876
33 42 226.10432
33 43 179.07149
33 44 230.83704
33 45 228.93439
33 46 184.95274
33 47 224.70139
33 48 164.78777
33 49 191.43495
33 50 214.98212
33 51 143.05135
33 52 189.91833
33 53 187.62004
33 54 225.94611
33 55 197.75786
33 56 185.30701
33 57 176.94687
33 58 195.65388
33 59 183.34750
33 60 203.53444
33 61 190.75586
33 62 200.60641
33 63 222.73677
33 64 199.09004
33 65 202.37161
33 66 201.11826
33 67 178.48347
33 68 212.80861
33 69 179.92294
33 70 192.51282
33 71 178.72223
33 72 164.27861
33 73 209.87637
33 74 225.73256
33 75 199.57684
33 76 251.89476
33 77 194.94612
33 78 206.56107
33 79 209.52728
33 80 177.40388
33 81 192.59544
33 82 162.41411
33 83 227.87837
33 84 153.13348
33 85 224.41946
33 86 191.74004
33 87 158.47337
33 88 234.95952
33 89 166.10220
33 90 189.90656
33 91 259.89377
33 92 165.91481
33 93 215.57982
33 94 182.86299
33 95 184.30565
33 96 223.74023
33 97 218.56920
33 98 223.51984
33 99 213.42354
34 35 174.30615
34 36 216.97520
34 37 197.16022
34 38 191.43445
34 39 158.23940
34 40 171.00130
34 41 230.39540
34 42 212.65875
34 43 216.20088
34 44 153.97168
34 45 171.78865
34 46 193.44276
34 47 251.82614
34 48 179.84464
34 49 159.84676
34 50 182.85081
34 51 169.25705
34 52 146.23030
34 53 223.37946
34 54 164.23712
34 55 165.27823
34 56 166.59222
34 57 185.76154
34 58 183.68210
34 59 190.60754
34 60 181.88484
34 61 208.73479
34 62 168.23019
34 63 219.19263
34 64 183.96165
34 65 204.63336
34 66 209.83786
34 67 182.52882
34 68 197.72838
34 69 147.46532
34 70 195.46472
34 71 216.13261
34 72 189.87794
34 73 209.85826
34 74 201.40135
34 75 162.93024
34 76 211.37898
34 77 182.34198
34 78 210.38490
34 79 188.36902
34 80 212.22009
34 81 164.94327
34 82 172.39841
34 83 175.65958
34 84 174.09029
34 85 181.68459
34 86 185.45750
34 87 220.22380
34 88 191.37886
34 89 172.53564
34 90 149.39618
34 91 201.61617
34 92 179.01172
34 93 225.44183
34 94 192.81998
34 95 203.01274
34 96 197.25075
34 97 177.06133
34 98 154.41946
34 99 124.96241
35 36 124.83640
35 37 123.07843
35 38 143.97516
35 39 172.79245
35 40 219.17342
35 41 174.22275
35 42 166.44737
35 43 151.65436
35 44 135.79103
35 45 178.40341
35 46 181.94627
35 47 158.99574
35 48 153.04724
35 49 167.54424
35 50 169.45435
35 51 140.94926
35 52 157.81847
35 53 176.40433
35 54 168.17897
35 55 131.67828
35 56 129.76001
35 57 154.28421
35 58 130.03214
35 59 182.89392
35 60 131.89041
35 61 177.59238
35 62 131.97122
35 63 153.27518
35 64 152.29900
35 65 154.59576
35 66 172.41481
35 67 155.79266
35 68 177.32024
35 69 151.79462
35 70 204.84274
35 71 185.71635
35 72 142.64789
35 73 149.98401
35 74 170.41757
35 75 197.67874
35 76 177.85318
35 77 160.53824
35 78 140.71274
35 79 156.11545
35 80 155.41064
35 81 166.48970
35 82 185.00650
35 83 151.69885
35 84 148.80077
35 85 164.95189
35 86 144.84453
35 87 155.62677
35 88 173.40059
35 89 146.36281
35 90 177.21252
35 91 188.59946
35 92 175.62653
35 93 140.05138
35 94 158.11935
35 95 188.98814
35 96 179.64217
35 97 158.86900
35 98 164.87964
35 99 173.26711
36 37 195.71852
36 38 192.20961
36 39 158.50816
36 40 235.47812
36 41 180.85457
36 42 156.43105
36 43 178.99998
36 44 168.15369
36 45 198.63022
36 46 206.28787
36 47 173.44156
36 48 197.64941
36 49 177.64331
36 50 175.47333
36 51 183.34274
36 52 207.87198
36 53 198.45964
36 54 183.85254
36 55 155.03290
36 56 153.79764
36 57 192.83228
36 58 165.22231
36 59 206.03601
36 60 163.26723
36 61 199.71487
36 62 192.96304
36 63 153.89133
36 64 181.42583
36 65 176.39206
36 66 225.28389
36 67 208.98227
36 68 243.62190
36 69 185.85783
36 70 217.28941
36 71 215.44048
36 72 167.07343
36 73 170.75952
36 74 226.08807
36 75 207.39508
36 76 226.30070
36 77 186.27925
36 78 139.61043
36 79 175.43929
36 80 171.43474
36 81 217.13231
36 82 218.92947
36 83 160.42342
36 84 205.93761
36 85 170.49246
36 86 190.61214
36 87 181.51210
36 88 170.11183
36 89 169.50433
36 90 180.11363
36 91 199.98764
36 92 204.73135
36 93 141.77092
36 94 191.74564
36 95 205.36630
36 96 167.88248
36 97 155.68748
36 98 188.04242
36 99 214.39970
37 38 202.43147
37 39 197.87007
37 40 227.37189
37 41 179.54260
37 42 218.97209
37 43 175.25116
37 44 202.09270
37 45 217.77980
37 46 178.04053
37 47 172.47882
37 48 163.95352
37 49 177.11670
37 50 207.49425
37 51 122.55914
37 52 190.38245
37 53 204.14671
37 54 227.51173
37 55 166.20599
37 56 161.55885
37 57 114.21224
37 58 185.10483
37 59 224.14835
37 60 150.12468
37 61 188.59128
37 62 168.85397
37 63 211.24162
37 64 172.01465
37 65 209.06335
37 66 188.02235
37 67 193.15176
37 68 213.95303
37 69 158.45689
37 70 217.61554
37 71 195.25661
37 72 188.18176
37 73 196.76337
37 74 200.42967
37 75 201.04759
37 76 210.46747
37 77 209.62331
37 78 177.86717
37 79 216.81862
37 80 185.83267
37 81 198.26984
37 82 169.34666
37 83 185.75992
37 84 134.77483
37 85 184.27356
37 86 153.05809
37 87 202.31056
37 88 204.66948
37 89 174.37666
37 90 186.40936
37 91 236.74556
37 92 179.38118
37 93 218.05244
37 94 206.79063
37 95 210.06435
37 96 204.84389
37 97 220.86591
37 98 226.73177
37 99 220.91994
38 39 190.06740
38 40 213.22444
38 41 198.24272
38 42 221.44858
38 43 179.30740
38 44 174.95169
38 45 205.46404
38 46 210.59744
38 47 210.09593
38 48 231.39691
38 49 215.55594
38 50 172.47710
38 51 186.89429
38 52 143.25906
38 53 208.98143
38 54 146.55768
38 55 194.31319
38 56 194.69620
38 57 207.84901
38 58 170.45164
38 59 160.24451
38 60 185.84419
38 61 209.92090
38 62 155.04538
38 63 168.26784
38 64 186.87602
38 65 200.38698
38 66 181.96278
38 67 181.19354
38 68 187.34807
38 69 204.15349
38 70 249.85596
38 71 203.89787
38 72 177.01532
38 73 170.05887
38 74 171.08821
38 75 206.20746
38 76 228.09938
38 77 195.49409
38 78 195.43675
38 79 173.48778
38 80 193.50539
38 81 191.59242
38 82 222.81133
38 83 162.72267
38 84 225.18990
38 85 205.43611
38 86 187.05896
38 87 205.15503
38 88 184.69337
38 89 142.04698
38 90 206.86365
38 91 152.55669
38 92 184.70320
38 93 178.23186
38 94 209.09822
38 95 202.87183
38 96 200.29054
38 97 208.71066
38 98 160.57709
38 99 190.68460
39 40 195.70856
39 41 181.96863
39 42 187.00435
39 43 177.03700
39 44 139.03299
39 45 172.37650
39 46 196.16231
39 47 206.38699
39 48 186.36189
39 49 186.56120
39 50 187.89764
39 51 179.81590
39 52 180.79121
39 53 175.54590
39 54 170.23453
39 55 170.36932
39 56 172.56543
39 57 177.17180
39 58 177.51385
39 59 178.95328
39 60 193.41522
39 61 208.82774
39 62 186.68454
39 63 169.91359
39 64 160.20940
39 65 179.54070
39 66 196.50578
39 67 192.11859
39 68 241.34810
39 69 161.10112
39 70 148.88976
39 71 185.20889
39 72 146.36192
39 73 176.54712
39 74 218.15193
39 75 150.83942
39 76 216.51422
39 77 175.57475
39 78 187.65997
39 79 176.02885
39 80 190.47568
39 81 185.32056
39 82 173.53937
39 83 185.52841
39 84 195.15686
39 85 175.03270
39 86 195.30632
39 87 195.28381
39 88 146.66670
39 89 150.78235
39 90 141.84962
39 91 172.65923
39 92 155.17567
39 93 158.74942
39 94 187.60541
39 95 164.78535
39 96 172.87009
39 97 190.36508
39 98 157.54413
39 99 204.23111
40 41 219.86043
40 42 258.39337
40 43 168.62375
40 44 225.14363
40 45 218.99609
40 46 216.63550
40 47 266.78644
40 48 200.97896
40 49 177.42508
40 50 202.74173
40 51 211.01599
40 52 175.11469
40 53 225.07503
40 54 189.77776
40 55 204.76534
40 56 206.73433
40 57 177.71352
40 58 202.67270
40 59 182.57526
40 60 196.65379
40 61 192.67151
40 62 215.02531
40 63 201.74863
40 64 182.40776
40 65 203.12439
40 66 182.58092
40 67 206.44180
40 68 170.66928
40 69 221.96655
40 70 225.86778
40 71 138.06717
40 72 227.01221
40 73 213.12936
40 74 209.79755
40 75 186.38167
40 76 231.15306
40 77 181.10420
40 78 230.03642
40 79 166.56738
40 80 191.28268
40 81 183.69038
40 82 166.65254
40 83 167.83504
40 84 219.03952
40 85 135.00301
40 86 200.99857
40 87 218.32071
40 88 188.94646
40 89 187.93623
40 90 164.88522
40 91 198.18405
40 92 199.71309
40 93 274.22238
40 94 167.49158
40 95 246.43175
40 96 217.50484
40 97 215.82466
40 98 189.75075
40 99 204.59169
41 42 208.96812
41 43 177.35478
41 44 203.75429
41 45 227.70883
41 46 193.53967
41 47 204.17039
41 48 193.17067
41 49 204.40211
41 50 157.80588
41 51 148.02879
41 52 205.12816
41 53 198.96817
41 54 195.25153
41 55 171.85757
41 56 171.61555
41 57 164.34293
41 58 194.60487
41 59 180.95160
41 60 186.68600
41 61 199.22159
41 62 173.08751
41 63 175.48834
41 64 162.02928
41 65 224.06046
41 66 193.14525
41 67 196.56876
41 68 240.70708
41 69 173.67619
41 70 160.00533
41 71 194.55855
41 72 195.49968
41 73 156.08554
41 74 221.41917
41 75 173.79865
41 76 213.04442
41 77 177.59676
41 78 156.65714
41 79 197.20392
41 80 181.85591
41 81 192.70621
41 82 205.03818
41 83 211.10913
41 84 190.50612
41 85 209.45302
41 86 197.73192
41 87 183.67900
41 88 163.56546
41 89 134.15971
41 90 163.14513
41 91 238.55516
41 92 143.62596
41 93 205.15866
41 94 177.80470
41 95 170.08521
41 96 201.54657
41 97 233.39346
41 98 202.85022
41 99 234.55891
42 43 224.70107
42 44 191.33937
42 45 234.96628
42 46 206.01909
42 47 225.54022
42 48 216.10289
42 49 216.69145
42 50 226.61566
42 51 202.49213
42 52 248.16919
42 53 196.35292
42 54 193.03870
42 55 191.85442
42 56 182.82413
42 57 221.03703
42 58 205.33090
42 59 203.06520
42 60 206.05594
42 61 233.17741
42 62 233.74687
42 63 170.67490
42 64 211.35919
42 65 202.63492
42 66 216.02306
42 67 201.27892
42 68 253.18781
42 69 160.94319
42 70 211.18906
42 71 232.70782
42 72 183.36496
42 73 218.70155
42 74 258.01547
42 75 210.62848
42 76 228.31241
42 77 204.91187
42 78 175.93842
42 79 197.87537
42 80 201.21400
42 81 209.53851
42 82 226.27238
42 83 206.91289
42 84 232.15891
42 85 219.06168
42 86 219.07761
42 87 207.79684
42 88 207.16647
42 89 180.00267
42 90 183.40453
42 91 224.21620
42 92 227.66524
42 93 175.52788
42 94 201.96443
42 95 232.31140
42 96 220.61108
42 97 175.39856
42 98 210.47688
42 99 199.17421
43 44 196.47635
43 45 193.84682
43 46 181.46954
43 47 214.09856
43 48 212.10983
43 49 220.87204
43 50 175.19875
43 51 184.52460
43 52 156.63254
43 53 151.94084
43 54 180.27153
43 55 193.81772
43 56 190.57019
43 57 169.96252
43 58 172.22350
43 59 159.43562
43 60 191.81467
43 61 134.86006
43 62 162.73428
43 63 145.14140
43 64 157.59676
43 65 158.16673
43 66 168.63269
43 67 213.34657
43 68 176.89799
43 69 206.96751
43 70 220.95325
43 71 126.92190
43 72 184.25957
43 73 184.86955
43 74 199.22937
43 75 204.37964
43 76 208.37633
43 77 163.28001
43 78 186.22064
43 79 141.57353
43 80 151.72018
43 81 172.30421
43 82 156.83632
43 83 194.58360
43 84 195.40121
43 85 158.65245
43 86 193.34605
43 87 163.16452
43 88 158.31673
43 89 165.12918
43 90 189.99402
43 91 185.16356
43 92 166.80904
43 93 212.35834
43 94 163.36617
43 95 190.65372
43 96 199.62842
43 97 212.01782
43 98 168.44440
43 99 218.78490
44 45 149.57304
44 46 206.77318
44 47 201.92451
44 48 185.68237
44 49 195.20583
44 50 202.27359
44 51 173.53072
44 52 170.82411
44 53 170.35216
44 54 157.98099
44 55 166.63011
44 56 173.81107
44 57 188.28630
44 58 182.26617
44 59 185.57918
44 60 177.84322
44 61 202.26387
44 62 153.05980
44 63 168.88835
44 64 144.14233
44 65 198.30341
44 66 221.43423
44 67 175.75214
44 68 212.25334
44 69 167.06398
44 70 178.33119
44 71 216.73051
44 72 162.79005
44 73 152.81287
44 74 183.52713
44 75 183.59549
44 76 157.11111
44 77 155.67819
44 78 183.08704
44 79 152.95900
44 80 185.12471
44 81 195.61356
44 82 220.72505
44 83 197.01210
44 84 203.48344
44 85 194.07005
44 86 193.74481
44 87 189.96968
44 88 150.87289
44 89 178.28836
44 90 189.72627
44 91 169.38307
44 92 200.73206
44 93 147.32813
44 94 190.63487
44 95 177.49136
44 96 214.22499
44 97 163.62993
44 98 140.15932
44 99 183.79317
45 46 149.55249
45 47 230.66190
45 48 207.03293
45 49 211.74120
45 50 179.48341
45 51 188.44908
45 52 158.84114
45 53 197.69385
45 54 160.83063
45 55 178.96162
45 56 199.37828
45 57 178.76009
45 58 195.19975
45 59 197.95549
45 60 179.05016
45 61 183.47406
45 62 168.51770
45 63 180.91736
45 64 201.30315
45 65 213.03159
45 66 219.62714
45 67 224.93224
45 68 205.37753
45 69 187.28844
45 70 175.93190
45 71 219.86092
45 72 183.70448
45 73 177.59705
45 74 219.71484
45 75 213.09721
45 76 191.12271
45 77 199.22943
45 78 215.67894
45 79 169.17252
45 80 191.45930
45 81 171.75685
45 82 226.62778
45 83 201.36176
45 84 231.83134
45 85 201.21953
45 86 214.93303
45 87 220.49898
45 88 149.51430
45 89 189.30746
45 90 189.12796
45 91 193.77199
45 92 179.49529
45 93 193.55209
45 94 222.75056
45 95 164.65439
45 96 210.14664
45 97 171.09985
45 98 209.67035
45 99 157.82050
46 47 244.52409
46 48 209.57193
46 49 211.57295
46 50 204.43596
46 51 153.50276
46 52 185.14267
46 53 198.58540
46 54 206.47234
46 55 171.22810
46 56 217.61401
46 57 151.24850
46 58 212.13042
46 59 184.24947
46 60 164.61539
46 61 145.68381
46 62 189.19211
46 63 184.64508
46 64 178.53040
46 65 196.24054
46 66 177.91348
46 67 210.27451
46 68 222.00317
46 69 196.61009
46 70 205.84792
46 71 215.00432
46 72 202.57457
46 73 208.65575
46 74 218.25893
46 75 229.76381
46 76 219.49062
46 77 184.80273
46 78 183.20782
46 79 199.44733
46 80 195.28247
46 81 164.00711
46 82 202.00526
46 83 193.22549
46 84 219.72072
46 85 218.86229
46 86 208.27296
46 87 201.85178
46 88 179.96922
46 89 139.23734
46 90 195.66104
46 91 212.26566
46 92 172.31247
46 93 212.70650
46 94 218.13701
46 95 155.89755
46 96 231.41751
46 97 199.57526
46 98 240.73088
46 99 179.39632
47 48 178.14453
47 49 185.35211
47 50 213.68401
47 51 172.23541
47 52 241.44618
47 53 210.09821
47 54 227.16208
47 55 188.36359
47 56 181.01500
47 57 199.07922
47 58 213.40958
47 59 221.38087
47 60 177.35320
47 61 260.16965
47 62 205.89503
47 63 199.13754
47 64 207.26134
47 65 246.60458
47 66 240.88857
47 67 213.64035
47 68 246.01282
47 69 192.44742
47 70 228.40575
47 71 188.67879
47 72 162.53970
47 73 178.43341
47 74 223.23851
47 75 216.93214
47 76 215.22589
47 77 255.67805
47 78 189.31607
47 79 210.37498
47 80 185.11525
47 81 273.91779
47 82 227.00830
47 83 218.82750
47 84 212.72482
47 85 198.62109
47 86 157.92293
47 87 244.53693
47 88 242.04680
47 89 227.15984
47 90 219.80579
47 91 223.49376
47 92 247.96086
47 93 192.60658
47 94 224.25528
47 95 235.76889
47 96 207.16344
47 97 195.50897
47 98 240.61951
47 99 251.55467
48 49 146.44316
48 50 210.23071
48 51 166.49673
48 52 215.08945
48 53 198.62331
48 54 213.06700
48 55 162.80254
48 56 153.81847
48 57 166.85495
48 58 177.60147
48 59 210.21281
48 60 135.45810
48 61 231.79597
48 62 201.61865
48 63 214.35515
48 64 181.07231
48 65 197.29959
48 66 187.06139
48 67 171.85628
48 68 210.35139
48 69 172.43936
48 70 165.63771
48 71 174.32016
48 72 168.65787
48 73 169.39871
48 74 187.84354
48 75 208.36340
48 76 193.63010
48 77 187.07890
48 78 176.09053
48 79 200.18683
48 80 181.13136
48 81 193.14549
48 82 187.20035
48 83 185.41603
48 84 156.47891
48 85 177.17061
48 86 134.60992
48 87 188.44016
48 88 219.04529
48 89 186.41025
48 90 181.34660
48 91 236.09801
48 92 208.23657
48 93 196.29762
48 94 127.26065
48 95 212.61110
48 96 204.24738
48 97 175.02391
48 98 221.18680
48 99 197.10136
49 50 202.04695
49 51 128.17303
49 52 178.06981
49 53 240.15062
49 54 208.65456
49 55 139.56117
49 56 139.90727
49 57 151.26213
49 58 196.31192
49 59 215.75400
49 60 147.76419
49 61 223.72139
49 62 196.07854
49 63 206.39528
49 64 193.51576
49 65 213.65918
49 66 218.76276
49 67 158.88293
49 68 212.05762
49 69 161.10809
49 70 211.32118
49 71 187.07071
49 72 177.60886
49 73 194.06845
49 74 207.49754
49 75 161.03012
49 76 235.62801
49 77 193.76881
49 78 178.81020
49 79 194.95226
49 80 178.64673
49 81 220.95624
49 82 189.24886
49 83 165.14162
49 84 179.51297
49 85 149.24835
49 86 152.75943
49 87 215.02469
49 88 221.21948
49 89 187.78275
49 90 138.01360
49 91 215.14024
49 92 210.31792
49 93 222.89117
49 94 192.18724
49 95 225.89934
49 96 191.16888
49 97 170.98883
49 98 210.96008
49 99 191.33589
50 51 181.55902
50 52 154.94124
50 53 221.89796
50 54 129.66348
50 55 180.90625
50 56 163.02299
50 57 197.86443
50 58 163.59474
50 59 165.06615
50 60 189.85422
50 61 210.86865
50 62 138.29391
50 63 192.16357
50 64 207.36894
50 65 223.95673
50 66 217.85808
50 67 224.63141
50 68 207.53990
50 69 161.73482
50 70 194.16833
50 71 202.51704
50 72 186.16328
50 73 168.10046
50 74 206.10892
50 75 181.97699
50 76 218.82959
50 77 201.73100
50 78 170.92007
50 79 187.10789
50 80 178.03462
50 81 186.50525
50 82 200.66057
50 83 190.22905
50 84 202.10538
50 85 177.32222
50 86 178.25806
50 87 213.28781
50 88 164.36450
50 89 174.39293
50 90 161.58344
50 91 218.43559
50 92 141.73578
50 93 214.70416
50 94 186.43144
50 95 182.62570
50 96 144.00616
50 97 192.10904
50 98 159.18387
50 99 178.89996
51 52 152.11278
51 53 190.60294
51 54 196.35919
51 55 145.85616
51 56 138.05847
51 57 127.88239
51 58 189.84616
51 59 186.11714
51 60 139.01414
51 61 172.48344
51 62 160.33150
51 63 183.67577
51 64 165.66295
51 65 221.38419
51 66 210.28329
51 67 159.46878
51 68 215.75854
51 69 129.25165
51 70 188.93697
51 71 192.62212
51 72 171.76875
51 73 185.28806
51 74 199.05066
51 75 155.59677
51 76 206.40677
51 77 187.08038
51 78 156.03503
51 79 187.35577
51 80 159.25194
51 81 195.71324
51 82 185.60989
51 83 193.69237
51 84 152.46149
51 85 187.31137
51 86 169.27019
51 87 191.24194
51 88 191.50528
51 89 148.53403
51 90 151.85127
51 91 216.08447
51 92 167.00294
51 93 197.82109
51 94 205.39482
51 95 165.23825
51 96 198.00188
51 97 189.40479
51 98 200.20959
51 99 189.85027
52 53 205.91608
52 54 144.62184
52 55 188.03455
52 56 174.45262
52 57 174.11592
52 58 167.93442
52 59 176.42180
52 60 176.74269
52 61 175.58427
52 62 129.79633
52 63 181.92265
52 64 195.78217
52 65 199.17517
52 66 199.64517
52 67 183.26401
52 68 170.97534
52 69 177.01186
52 70 225.84154
52 71 193.44398
52 72 187.98485
52 73 191.06592
52 74 164.42226
52 75 179.54587
52 76 223.62941
52 77 160.81183
52 78 191.18817
52 79 174.84206
52 80 168.20412
52 81 159.03773
52 82 195.12367
52 83 191.41682
52 84 204.68518
52 85 172.01984
52 86 185.43036
52 87 196.10489
52 88 163.35434
52 89 168.11058
52 90 171.32275
52 91 170.27185
52 92 143.79402
52 93 209.74092
52 94 198.56493
52 95 171.00848
52 96 190.51176
52 97 200.02237
52 98 146.23068
52 99 177.27417
53 54 180.93141
53 55 226.65488
53 56 181.06213
53 57 209.72881
53 58 199.96519
53 59 194.38383
53 60 196.03842
53 61 167.55675
53 62 214.28932
53 63 172.49704
53 64 181.60156
53 65 226.76738
53 66 217.75381
53 67 224.48537
53 68 225.32697
53 69 200.28075
53 70 202.34555
53 71 178.97838
53 72 175.22488
53 73 188.81178
53 74 212.29575
53 75 195.75833
53 76 215.18893
53 77 194.78296
53 78 205.48727
53 79 156.37253
53 80 146.44536
53 81 198.96977
53 82 196.08604
53 83 232.77335
53 84 225.67908
53 85 210.50241
53 86 207.10129
53 87 184.20670
53 88 172.25745
53 89 183.52524
53 90 215.47911
53 91 212.46323
53 92 205.49210
53 93 186.23717
53 94 192.86224
53 95 199.44864
53 96 213.89429
53 97 194.52728
53 98 190.37617
53 99 226.31575
54 55 213.94434
54 56 180.40059
54 57 210.90295
54 58 174.92944
54 59 145.79053
54 60 179.72978
54 61 211.59560
54 62 156.63905
54 63 166.11949
54 64 203.24080
54 65 200.51648
54 66 215.65396
54 67 218.82307
54 68 177.37915
54 69 150.00821
54 70 188.56349
54 71 202.76273
54 72 187.70149
54 73 156.63496
54 74 198.65242
54 75 171.55838
54 76 188.23047
54 77 180.72650
54 78 191.89461
54 79 173.85173
54 80 159.87816
54 81 168.34212
54 82 208.00214
54 83 189.60095
54 84 229.02034
54 85 190.08441
54 86 191.46658
54 87 207.78821
54 88 129.93068
54 89 176.35107
54 90 157.82744
54 91 169.51920
54 92 158.08565
54 93 194.87721
54 94 179.87814
54 95 192.72911
54 96 195.75935
54 97 147.18912
54 98 147.08658
54 99 152.66205
55 56 146.11279
55 57 148.32927
55 58 162.86658
55 59 205.54619
55 60 168.08403
55 61 190.78372
55 62 153.75677
55 63 167.26323
55 64 149.35416
55 65 188.95561
55 66 169.30363
55 67 139.72046
55 68 199.08153
55 69 180.51328
55 70 189.30963
55 71 189.43011
55 72 151.57552
55 73 168.72658
55 74 205.38301
55 75 177.76709
55 76 211.93256
55 77 169.13815
55 78 174.78726
55 79 158.53133
55 80 207.41922
55 81 177.64688
55 82 174.49995
55 83 155.78215
55 84 168.12306
55 85 167.78189
55 86 165.05724
55 87 198.19403
55 88 197.58177
55 89 145.33170
55 90 162.49231
55 91 205.21387
55 92 185.44460
55 93 191.72321
55 94 181.25882
55 95 186.10634
55 96 178.71022
55 97 187.53358
55 98 195.36551
55 99 175.72087
56 57 172.84427
56 58 159.37234
56 59 224.97552
56 60 162.83771
56 61 195.22298
56 62 181.28008
56 63 178.59065
56 64 203.98613
56 65 226.19226
56 66 212.79498
56 67 185.12639
56 68 219.33894
56 69 132.49893
56 70 187.24487
56 71 193.11147
56 72 158.88763
56 73 177.10738
56 74 219.26343
56 75 139.15483
56 76 233.22899
56 77 199.23929
56 78 175.41022
56 79 158.12607
56 80 168.39128
56 81 182.41861
56 82 190.66592
56 83 179.74896
56 84 160.70703
56 85 161.90099
56 86 169.85388
56 87 190.24915
56 88 184.35670
56 89 165.62604
56 90 135.51103
56 91 231.01422
56 92 185.88857
56 93 195.61716
56 94 180.72156
56 95 210.65147
56 96 133.65355
56 97 190.65494
56 98 177.40768
56 99 175.74509
57 58 196.07986
57 59 196.08331
57 60 161.55446
57 61 164.65167
57 62 165.62209
57 63 196.71288
57 64 147.67709
57 65 200.50322
57 66 169.47049
57 67 173.71901
57 68 199.49306
57 69 162.10359
57 70 179.57130
57 71 170.20340
57 72 172.56473
57 73 165.97519
57 74 193.88983
57 75 177.40532
57 76 204.24565
57 77 174.27902
57 78 176.46231
57 79 179.42529
57 80 164.16977
57 81 190.55807
57 82 176.41222
57 83 159.16655
57 84 170.50360
57 85 154.29729
57 86 159.53859
57 87 179.04207
57 88 167.67677
57 89 152.85158
57 90 149.11208
57 91 219.36977
57 92 161.45248
57 93 219.55759
57 94 197.90523
57 95 195.08888
57 96 197.52727
57 97 214.02455
57 98 216.04044
57 99 205.91167
58 59 195.57639
58 60 167.63037
58 61 194.61623
58 62 188.78806
58 63 163.46606
58 64 190.83301
58 65 196.94122
58 66 196.03738
58 67 154.01904
58 68 163.05339
58 69 198.07193
58 70 214.83369
58 71 193.05470
58 72 170.71590
58 73 185.57138
58 74 188.20302
58 75 205.08801
58 76 215.82892
58 77 186.08000
58 78 196.18465
58 79 173.21040
58 80 189.04175
58 81 148.76305
58 82 184.82933
58 83 145.66972
58 84 164.31622
58 85 148.68205
58 86 185.48320
58 87 188.54532
58 88 174.21265
58 89 172.26479
58 90 203.09795
58 91 190.54454
58 92 163.60098
58 93 160.70596
58 94 168.73654
58 95 197.72876
58 96 154.59087
58 97 167.63159
58 98 162.15593
58 99 211.87526
59 60 205.90776
59 61 201.21411
59 62 171.34099
59 63 179.99425
59 64 157.71088
59 65 177.78575
59 66 189.39906
59 67 182.80557
59 68 186.95679
59 69 185.62248
59 70 195.69156
59 71 160.32782
59 72 166.27113
59 73 173.75853
59 74 191.73483
59 75 205.30420
59 76 191.36989
59 77 172.14168
59 78 181.94054
59 79 163.07016
59 80 165.73256
59 81 203.89168
59 82 194.13124
59 83 191.38223
59 84 213.59033
59 85 197.97169
59 86 191.54218
59 87 173.62695
59 88 188.77831
59 89 155.19791
59 90 188.27744
59 91 179.90175
59 92 178.11620
59 93 194.39587
59 94 168.06258
59 95 180.83031
59 96 222.29880
59 97 181.18454
59 98 154.66829
59 99 185.32356
60 61 201.91624
60 62 192.02988
60 63 175.17995
60 64 176.87939
60 65 196.03918
60 66 193.27065
60 67 189.31532
60 68 204.50117
60 69 173.68715
60 70 210.80125
60 71 196.46671
60 72 209.09142
60 73 188.05240
60 74 180.78276
60 75 219.17082
60 76 169.12325
60 77 191.87923
60 78 144.09912
60 79 201.86893
60 80 152.98318
60 81 173.32497
60 82 209.59720
60 83 164.89583
60 84 188.96518
60 85 165.09587
60 86 160.09261
60 87 216.75073
60 88 183.70248
60 89 172.58089
60 90 181.79446
60 91 198.24521
60 92 194.40268
60 93 183.54254
60 94 171.99042
60 95 209.23378
60 96 215.00964
60 97 144.35310
60 98 223.07658
60 99 194.68120
61 62 194.24158
61 63 184.37401
61 64 168.52669
61 65 207.85132
61 66 217.05699
61 67 222.89996
61 68 198.36395
61 69 224.78773
61 70 235.58395
61 71 207.32361
61 72 209.78194
61 73 201.40251
61 74 230.01216
61 75 209.87184
61 76 247.38486
61 77 176.87177
61 78 221.33636
61 79 150.49382
61 80 191.11060
61 81 179.79391
61 82 191.02538
61 83 181.27803
61 84 194.84628
61 85 204.37086
61 86 233.70110
61 87 155.52217
61 88 160.10620
61 89 150.49484
61 90 211.17815
61 91 225.34891
61 92 188.23053
61 93 234.95377
61 94 221.32014
61 95 187.55711
61 96 215.32590
61 97 219.63008
61 98 205.74937
61 99 202.15115
62 63 189.03442
62 64 162.49347
62 65 185.28549
62 66 188.63290
62 67 195.13116
62 68 174.90378
62 69 164.88365
62 70 201.13704
62 71 200.69528
62 72 169.10036
62 73 135.51570
62 74 164.44829
62 75 182.64801
62 76 191.79691
62 77 150.11632
62 78 176.05231
62 79 183.25870
62 80 193.35921
62 81 184.05962
62 82 183.03717
62 83 200.37355
62 84 188.76186
62 85 199.47720
62 86 151.88495
62 87 189.49640
62 88 167.21883
62 89 168.21371
62 90 178.07750
62 91 190.41664
62 92 152.21513
62 93 212.73322
62 94 182.87148
62 95 158.39125
62 96 200.72574
62 97 204.07332
62 98 156.14015
62 99 169.38673
63 64 189.30003
63 65 178.49689
63 66 174.49028
63 67 182.42628
63 68 188.48694
63 69 198.32004
63 70 208.10933
63 71 169.13972
63 72 184.57605
63 73 173.26913
63 74 214.33148
63 75 199.79742
63 76 198.05510
63 77 165.07451
63 78 178.75037
63 79 139.36258
63 80 185.69366
63 81 165.38188
63 82 216.05711
63 83 189.13646
63 84 234.97269
63 85 172.89154
63 86 210.55373
63 87 197.04436
63 88 144.98740
63 89 165.98769
63 90 185.14645
63 91 129.40530
63 92 198.63953
63 93 174.24529
63 94 173.64458
63 95 175.86806
63 96 203.26743
63 97 185.58382
63 98 188.15152
63 99 207.97153
64 65 179.33810
64 66 177.62660
64 67 164.76070
64 68 200.73114
64 69 201.81454
64 70 190.96097
64 71 169.75426
64 72 178.72731
64 73 167.44026
64 74 184.73483
64 75 190.43697
64 76 164.74161
64 77 149.68369
64 78 180.08195
64 79 157.03491
64 80 173.62187
64 81 197.11307
64 82 161.54866
64 83 176.48270
64 84 173.86809
64 85 180.83336
64 86 182.69382
64 87 177.81705
64 88 177.87138
64 89 143.40273
64 90 190.72911
64 91 204.13553
64 92 180.76079
64 93 194.17513
64 94 173.70973
64 95 201.22908
64 96 232.78040
64 97 193.06296
64 98 169.77502
64 99 216.47902
65 66 162.12619
65 67 210.30164
65 68 200.95387
65 69 216.09801
65 70 224.86566
65 71 193.38744
65 72 196.47911
65 73 194.65611
65 74 222.94186
65 75 248.54556
65 76 221.03967
65 77 146.66061
65 78 192.92937
65 79 200.61337
65 80 216.22095
65 81 176.80421
65 82 190.93498
65 83 181.24968
65 84 204.23016
65 85 207.52617
65 86 204.93007
65 87 160.63026
65 88 199.02754
65 89 168.10005
65 90 195.15358
65 91 188.41293
65 92 200.55591
65 93 199.80089
65 94 145.85907
65 95 206.06306
65 96 248.39792
65 97 197.53000
65 98 207.18713
65 99 192.30504
66 67 172.51178
66 68 192.12926
66 69 220.89813
66 70 216.32176
66 71 148.44666
66 72 186.38573
66 73 194.64188
66 74 186.48816
66 75 231.49855
66 76 223.07617
66 77 167.25288
66 78 193.17685
66 79 184.00897
66 80 206.85315
66 81 148.70935
66 82 185.05566
66 83 186.12428
66 84 229.54507
66 85 189.51059
66 86 172.45264
66 87 202.18681
66 88 208.56319
66 89 144.72163
66 90 193.04263
66 91 196.45158
66 92 186.16046
66 93 219.88293
66 94 149.66858
66 95 217.88884
66 96 225.98817
66 97 243.54591
66 98 220.16243
66 99 208.83238
67 68 182.61894
67 69 199.55609
67 70 215.90112
67 71 179.86723
67 72 150.48717
67 73 193.57782
67 74 169.65657
67 75 195.83504
67 76 219.14304
67 77 165.37669
67 78 190.40479
67 79 171.79132
67 80 194.74937
67 81 194.34717
67 82 201.07794
67 83 175.97659
67 84 192.01167
67 85 174.77737
67 86 173.48076
67 87 190.93102
67 88 225.83752
67 89 165.13376
67 90 200.55385
67 91 192.19467
67 92 202.06599
67 93 174.37494
67 94 179.55673
67 95 207.78566
67 96 211.13522
67 97 198.91074
67 98 179.64105
67 99 220.07021
68 69 225.44186
68 70 245.85040
68 71 173.57010
68 72 208.33223
68 73 185.84731
68 74 193.68767
68 75 215.67459
68 76 207.40028
68 77 188.33327
68 78 253.30495
68 79 175.73654
68 80 207.35895
68 81 173.03101
68 82 176.43468
68 83 180.19833
68 84 208.43707
68 85 183.02399
68 86 191.40511
68 87 215.58507
68 88 203.70328
68 89 211.77020
68 90 219.83156
68 91 188.90991
68 92 203.23601
68 93 255.22226
68 94 183.23825
68 95 236.35797
68 96 240.64847
68 97 186.53673
68 98 201.58194
68 99 191.71358
69 70 146.87198
69 71 208.71021
69 72 171.70462
69 73 186.34416
69 74 231.18576
69 75 138.99937
69 76 190.27672
69 77 204.04462
69 78 171.53178
69 79 202.78535
69 80 169.98685
69 81 189.60805
69 82 189.47946
69 83 209.47758
69 84 167.59692
69 85 193.04057
69 86 177.23900
69 87 210.07512
69 88 178.36723
69 89 178.24399
69 90 104.61086
69 91 229.38098
69 92 160.17032
69 93 204.00867
69 94 194.82965
69 95 195.12369
69 96 192.44907
69 97 177.11023
69 98 185.56113
69 99 158.54077
70 71 207.12254
70 72 183.00354
70 73 169.90886
70 74 259.97092
70 75 169.14507
70 76 189.81389
70 77 203.20123
70 78 217.97862
70 79 202.78026
70 80 204.83466
70 81 184.93732
70 82 206.02866
70 83 234.53113
70 84 195.50531
70 85 224.76219
70 86 221.72972
70 87 209.54263
70 88 171.33310
70 89 180.63310
70 90 141.68443
70 91 254.25996
70 92 157.56360
70 93 209.00621
70 94 185.64284
70 95 181.33022
70 96 225.27963
70 97 210.89397
70 98 220.77031
70 99 198.96313
71 72 166.11783
71 73 191.63670
71 74 195.97714
71 75 190.47604
71 76 208.38893
71 77 192.20631
71 78 203.49722
71 79 142.75218
71 80 149.98528
71 81 202.86339
71 82 150.25877
71 83 200.37395
71 84 211.78093
71 85 133.43398
71 86 163.14529
71 87 204.21402
71 88 212.39639
71 89 190.95372
71 90 179.30554
71 91 193.82137
71 92 202.46980
71 93 231.21291
71 94 147.25655
71 95 231.98468
71 96 205.77008
71 97 212.54242
71 98 193.52658
71 99 228.81462
72 73 143.13576
72 74 186.45912
72 75 173.12065
72 76 239.39128
72 77 185.02879
72 78 184.67731
72 79 147.02689
72 80 169.35822
72 81 216.18660
72 82 182.73241
72 83 177.64232
72 84 195.02444
72 85 182.15239
72 86 143.45537
72 87 160.66026
72 88 204.04236
72 89 158.32443
72 90 181.58534
72 91 195.40495
72 92 188.68327
72 93 144.49873
72 94 186.54390
72 95 178.45544
72 96 147.98369
72 97 184.46997
72 98 168.26410
72 99 191.05161
73 74 174.15300
73 75 183.22333
73 76 205.88084
73 77 154.40286
73 78 184.76044
73 79 165.10257
73 80 186.40067
73 81 206.61418
73 82 212.20262
73 83 168.27800
73 84 207.33208
73 85 200.06445
73 86 150.56055
73 87 155.21664
73 88 145.39549
73 89 158.86586
73 90 186.25816
73 91 185.99966
73 92 183.12633
73 93 184.41499
73 94 166.43459
73 95 164.64972
73 96 186.31430
73 97 189.32245
73 98 186.13400
73 99 190.47038
74 75 242.85280
74 76 221.22665
74 77 152.55655
74 78 163.46588
74 79 204.82259
74 80 184.73283
74 81 221.56021
74 82 227.77315
74 83 196.87410
74 84 244.36099
74 85 179.04062
74 86 118.59419
74 87 203.38571
74 88 210.63344
74 89 202.28439
74 90 246.05997
74 91 169.86975
74 92 220.45097
74 93 203.20270
74 94 174.70184
74 95 202.97507
74 96 206.95206
74 97 212.88092
74 98 172.04860
74 99 238.90614
75 76 243.23021
75 77 205.66879
75 78 229.27705
75 79 178.41226
75 80 191.55746
75 81 205.92238
75 82 156.74408
75 83 209.33917
75 84 190.27419
75 85 188.32970
75 86 199.15109
75 87 224.90591
75 88 176.38913
75 89 177.03369
75 90 111.99024
75 91 223.52184
75 92 161.77501
75 93 241.30246
75 94 218.38419
75 95 210.75444
75 96 181.65952
75 97 210.27562
75 98 173.45016
75 99 196.78279
76 77 210.70775
76 78 203.58588
76 79 207.90839
76 80 190.76196
76 81 205.18417
76 82 233.53659
76 83 242.48709
76 84 222.31573
76 85 208.08696
76 86 218.21779
76 87 253.39244
76 88 197.66812
76 89 232.05371
76 90 216.84145
76 91 224.31107
76 92 221.69955
76 93 219.57515
76 94 187.76454
76 95 239.82286
76 96 284.16006
76 97 180.76175
76 98 216.90005
76 99 224.22086
77 78 157.16751
77 79 171.44113
77 80 190.47168
77 81 166.62810
77 82 197.86618
77 83 189.63155
77 84 216.44298
77 85 186.26944
77 86 176.82495
77 87 133.62985
77 88 153.48058
77 89 153.09944
77 90 188.84933
77 91 170.16557
77 92 180.62408
77 93 196.82664
77 94 128.11916
77 95 158.78093
77 96 218.82861
77 97 200.41422
77 98 154.24721
77 99 200.97379
78 79 203.54955
78 80 151.69174
78 81 215.53525
78 82 233.13513
78 83 199.70486
78 84 222.81259
78 85 174.87927
78 86 148.60893
78 87 184.49763
78 88 192.66318
78 89 170.52299
78 90 188.53297
78 91 204.38557
78 92 202.69823
78 93 163.94328
78 94 160.01773
78 95 187.20204
78 96 190.38763
78 97 190.16747
78 98 186.29536
78 99 223.40294
79 80 158.86952
79 81 186.70497
79 82 196.56805
79 83 169.18188
79 84 212.25517
79 85 153.67398
79 86 200.22476
79 87 166.21423
79 88 170.43414
79 89 158.02046
79 90 181.66827
79 91 184.67921
79 92 208.33331
79 93 192.34821
79 94 176.08438
79 95 210.64253
79 96 180.45895
79 97 190.51549
79 98 148.85229
79 99 178.47041
80 81 207.90669
80 82 198.34172
80 83 204.09613
80 84 218.22635
80 85 150.29146
80 86 166.93083
80 87 189.65749
80 88 184.80884
80 89 185.26794
80 90 173.67697
80 91 219.57310
80 92 182.65224
80 93 182.35803
80 94 179.63770
80 95 227.01669
80 96 200.14699
80 97 162.63707
80 98 182.33247
80 99 220.55562
81 82 181.94077
81 83 191.86765
81 84 195.48598
81 85 200.09239
81 86 220.88420
81 87 203.01469
81 88 156.01299
81 89 146.08191
81 90 170.92142
81 91 210.03810
81 92 132.57127
81 93 214.67291
81 94 163.01167
81 95 189.74512
81 96 221.01352
81 97 206.01378
81 98 201.36505
81 99 167.58147
82 83 198.69301
82 84 154.87357
82 85 177.35916
82 86 175.95691
82 87 216.88625
82 88 212.59406
82 89 182.52957
82 90 167.41032
82 91 229.81760
82 92 160.80380
82 93 254.42937
82 94 182.67763
82 95 224.53595
82 96 210.00703
82 97 202.63222
82 98 196.21703
82 99 206.71005
83 84 185.04434
83 85 152.62074
83 86 175.38136
83 87 178.66188
83 88 179.33961
83 89 143.44180
83 90 187.72093
83 91 186.36960
83 92 200.92842
83 93 199.92148
83 94 192.67781
83 95 223.94704
83 96 168.22240
83 97 178.83145
83 98 196.88364
83 99 182.22511
84 85 204.27272
84 86 201.65533
84 87 185.03969
84 88 221.17149
84 89 178.21123
84 90 183.20251
84 91 266.85962
84 92 178.07562
84 93 228.03380
84 94 194.06891
84 95 217.17952
84 96 212.65244
84 97 210.83524
84 98 207.13676
84 99 202.53891
85 86 155.02475
85 87 215.31541
85 88 183.11664
85 89 203.71603
85 90 169.08797
85 91 182.14507
85 92 202.16472
85 93 215.78574
85 94 167.81941
85 95 238.85036
85 96 154.09763
85 97 180.69556
85 98 166.66957
85 99 226.53308
86 87 202.16748
86 88 215.63312
86 89 191.04561
86 90 192.12036
86 91 194.88742
86 92 204.56505
86 93 207.45448
86 94 156.36818
86 95 209.58420
86 96 169.11778
86 97 184.06317
86 98 191.33177
86 99 205.50926
87 88 183.24307
87 89 142.27800
87 90 208.50272
87 91 227.38725
87 92 197.61891
87 93 184.10310
87 94 161.86954
87 95 176.08990
87 96 204.93158
87 97 220.47656
87 98 182.87250
87 99 207.16679
88 89 158.77812
88 90 165.48288
88 91 172.66582
88 92 145.05373
88 93 198.00464
88 94 192.78911
88 95 159.02147
88 96 191.31392
88 97 195.29124
88 98 172.25443
88 99 200.07567
89 90 154.83992
89 91 200.42538
89 92 138.06516
89 93 173.26241
89 94 175.81506
89 95 159.11836
89 96 186.63295
89 97 208.65277
89 98 182.02164
89 99 165.82388
90 91 223.25020
90 92 143.65022
90 93 227.20587
90 94 182.11890
90 95 208.38535
90 96 187.95396
90 97 194.97505
90 98 190.45711
90 99 160.45766
91 92 227.55484
91 93 197.06024
91 94 201.94595
91 95 185.75551
91 96 218.39050
91 97 193.51450
91 98 178.23030
91 99 221.77475
92 93 208.02115
92 94 196.23894
92 95 163.19638
92 96 195.59520
92 97 214.81697
92 98 185.99083
92 99 200.55769
93 94 204.04263
93 95 186.58022
93 96 202.45502
93 97 176.93716
93 98 190.62611
93 99 234.53110
94 95 205.94603
94 96 211.21294
94 97 188.28300
94 98 175.04173
94 99 198.40131
95 96 203.76045
95 97 220.86632
95 98 199.68274
95 99 206.57213
96 97 219.38547
96 98 172.02335
96 99 218.52577
97 98 198.36533
97 99 176.12941
98 99 202.97124
