100 30
0 1 62.03064
0 2 119.68319
0 3 62.74952
0 4 72.99693
0 5 82.50311
0 6 143.20091
0 7 69.16013
0 8 82.42861
0 9 85.38713
0 10 69.14722
0 11 81.31469
0 12 121.87553
0 13 120.35386
0 14 97.19749
0 15 83.26548
0 16 59.45065
0 17 69.98471
0 18 97.21954
0 19 36.72195
0 20 100.14630
0 21 76.70928
0 22 123.90374
0 23 62.60862
0 24 132.96805
0 25 131.50124
0 26 109.11085
0 27 107.85161
0 28 30.10285
0 29 93.66814
0 30 124.48087
0 31 109.58063
0 32 87.28774
0 33 94.49296
0 34 94.27541
0 35 61.03327
0 36 119.67332
0 37 127.87194
0 38 120.98584
0 39 31.00841
0 40 110.08330
0 41 120.49900
0 42 99.72870
0 43 86.97978
0 44 79.44692
0 45 99.84322
0 46 59.87321
0 47 55.88932
0 48 80.50985
0 49 73.71082
0 50 109.81732
0 51 109.46469
0 52 91.19695
0 53 124.98753
0 54 47.19687
0 55 98.80129
0 56 114.61111
0 57 109.53857
0 58 69.44872
0 59 124.26933
0 60 108.41140
0 61 97.22269
0 62 135.02827
0 63 105.11646
0 64 109.76308
0 65 117.11327
0 66 63.47855
0 67 103.46381
0 68 97.30936
0 69 95.70435
0 70 121.33546
0 71 23.72024
0 72 67.50368
0 73 82.55470
0 74 121.48783
0 75 103.76109
0 76 135.50890
0 77 93.88519
0 78 129.29158
0 79 72.50518
0 80 120.03003
0 81 72.18320
0 82 128.92436
0 83 101.12532
0 84 143.79176
0 85 85.26658
0 86 113.62891
0 87 109.29487
0 88 88.30811
0 89 78.53852
0 90 47.31093
0 91 64.52439
0 92 51.52903
0 93 101.79370
0 94 105.12528
0 95 75.19751
0 96 95.60506
0 97 92.72141
0 98 102.70862
0 99 115.71970
1 2 114.25057
1 3 41.99220
1 4 52.65981
1 5 56.58606
1 6 111.63218
1 7 36.38435
1 8 51.92075
1 9 58.13363
1 10 48.30017
1 11 70.23162
1 12 89.37621
1 13 108.59923
1 14 84.16974
1 15 92.19113
1 16 37.03491
1 17 70.87196
1 18 93.03977
1 19 38.84331
1 20 38.61008
1 21 51.16967
1 22 90.20805
1 23 50.34888
1 24 122.29518
1 25 118.74100
1 26 88.88335
1 27 63.15521
1 28 66.24377
1 29 65.54070
1 30 83.18513
1 31 88.99151
1 32 67.25761
1 33 106.65985
1 34 58.84986
1 35 79.74123
1 36 77.02381
1 37 89.02061
1 38 89.91232
1 39 75.87054
1 40 56.95625
1 41 108.76615
1 42 65.05889
1 43 79.22547
1 44 79.63526
1 45 80.88829
1 46 61.05008
1 47 17.17666
1 48 40.93243
1 49 94.65015
1 50 86.57477
1 51 104.85087
1 52 82.41676
1 53 104.03254
1 54 45.93785
1 55 95.19971
1 56 82.32201
1 57 101.26507
1 58 63.96760
1 59 112.86143
1 60 107.54926
1 61 93.63723
1 62 101.56344
1 63 107.77570
1 64 73.14860
1 65 112.98768
1 66 83.12543
1 67 80.47377
1 68 112.04939
1 69 74.77672
1 70 93.20536
1 71 59.99686
1 72 68.35365
1 73 57.93019
1 74 89.91605
1 75 60.13129
1 76 115.72529
1 77 52.72636
1 78 105.03075
1 79 61.01752
1 80 89.49286
1 81 47.94666
1 82 93.52968
1 83 46.68661
1 84 99.78469
1 85 75.43427
1 86 95.24487
1 87 86.27920
1 88 65.36413
1 89 62.05493
1 90 48.17850
1 91 69.49167
1 92 53.08742
1 93 74.66821
1 94 101.49438
1 95 19.87324
1 96 65.82628
1 97 92.29472
1 98 93.74342
1 99 69.31938
2 3 91.45113
2 4 86.36939
2 5 60.04972
2 6 59.93573
2 7 88.36423
2 8 79.16557
2 9 80.31150
2 10 74.60021
2 11 88.33966
2 12 92.88784
2 13 49.02715
2 14 85.30780
2 15 79.03465
2 16 116.70924
2 17 101.72862
2 18 76.80091
2 19 127.63686
2 20 125.31857
2 21 86.07917
2 22 93.76431
2 23 131.70778
2 24 43.57560
2 25 50.61512
2 26 85.92381
2 27 83.93427
2 28 97.82333
2 29 58.42128
2 30 80.34663
2 31 65.21450
2 32 67.75451
2 33 84.58156
2 34 87.41242
2 35 86.45710
2 36 88.01546
2 37 86.63313
2 38 60.92444
2 39 104.27470
2 40 100.02895
2 41 14.70517
2 42 86.34415
2 43 69.35358
2 44 90.16066
2 45 42.12760
2 46 85.16455
2 47 109.85692
2 48 122.16639
2 49 62.74525
2 50 50.77735
2 51 42.86031
2 52 72.14351
2 53 36.89812
2 54 121.79468
2 55 28.63892
2 56 61.45607
2 57 78.65083
2 58 108.17710
2 59 80.76087
2 60 43.78372
2 61 34.93930
2 62 64.00562
2 63 19.71579
2 64 64.58498
2 65 11.29489
2 66 91.46439
2 67 58.31109
2 68 73.75459
2 69 63.10481
2 70 63.63101
2 71 102.92320
2 72 97.59074
2 73 106.05029
2 74 68.20655
2 75 96.08137
2 76 31.50876
2 77 101.55173
2 78 45.33287
2 79 81.57468
2 80 75.57944
2 81 91.74783
2 82 62.82209
2 83 111.29823
2 84 114.92235
2 85 67.87470
2 86 66.51611
2 87 73.26686
2 88 63.90295
2 89 98.79303
2 90 86.75009
2 91 69.59054
2 92 106.09303
2 93 60.25862
2 94 69.87106
2 95 116.29445
2 96 67.65659
2 97 65.81487
2 98 85.05732
2 99 111.26392
3 4 60.97647
3 5 49.68253
3 6 91.72337
3 7 16.45485
3 8 56.78435
3 9 50.99100
3 10 38.44080
3 11 32.86298
3 12 62.36083
3 13 99.08244
3 14 76.18353
3 15 68.18328
3 16 47.07011
3 17 72.11492
3 18 99.73803
3 19 61.87716
3 20 64.87431
3 21 67.32999
3 22 63.25208
3 23 70.08312
3 24 102.60126
3 25 94.29391
3 26 100.85170
3 27 65.18641
3 28 55.98024
3 29 61.15951
3 30 89.46341
3 31 68.08059
3 32 37.64594
3 33 110.07638
3 34 72.84823
3 35 80.78701
3 36 61.70981
3 37 99.58541
3 38 67.21310
3 39 65.45754
3 40 60.66165
3 41 90.19093
3 42 63.52276
3 43 46.77009
3 44 89.14260
3 45 71.58054
3 46 35.52201
3 47 49.17400
3 48 55.69985
3 49 81.33517
3 50 76.59478
3 51 91.63360
3 52 88.43604
3 53 79.55502
3 54 55.23494
3 55 79.00376
3 56 74.06226
3 57 101.87254
3 58 67.11447
3 59 96.76814
3 60 96.99745
3 61 74.49207
3 62 98.98700
3 63 82.88206
3 64 56.93420
3 65 91.92029
3 66 88.31631
3 67 68.67883
3 68 109.34169
3 69 75.81848
3 70 65.51469
3 71 62.22313
3 72 57.95864
3 73 74.39132
3 74 63.73125
3 75 76.35053
3 76 94.11082
3 77 35.39262
3 78 81.62817
3 79 20.24287
3 80 65.76160
3 81 57.56778
3 82 79.16148
3 83 73.58707
3 84 118.91315
3 85 73.94787
3 86 92.26029
3 87 61.02848
3 88 51.50180
3 89 58.55531
3 90 34.66060
3 91 35.41935
3 92 47.71298
3 93 75.20972
3 94 61.23410
3 95 40.01026
3 96 59.15657
3 97 92.19984
3 98 67.39473
3 99 55.40113
4 5 41.48447
4 6 100.48735
4 7 58.52261
4 8 16.60847
4 9 73.85954
4 10 57.88752
4 11 88.41120
4 12 105.17999
4 13 63.36436
4 14 42.20034
4 15 100.70151
4 16 45.92661
4 17 34.51378
4 18 58.94457
4 19 69.03009
4 20 73.24123
4 21 34.70675
4 22 104.89207
4 23 89.36956
4 24 109.40812
4 25 85.12813
4 26 71.27797
4 27 70.84295
4 28 57.18466
4 29 38.45258
4 30 63.93272
4 31 60.24708
4 32 75.61155
4 33 72.15952
4 34 59.14546
4 35 45.26023
4 36 89.52831
4 37 67.59660
4 38 87.30604
4 39 66.45447
4 40 61.55804
4 41 79.18287
4 42 36.83096
4 43 63.47973
4 44 70.05355
4 45 50.42033
4 46 51.16899
4 47 48.50397
4 48 50.49742
4 49 61.68430
4 50 49.67967
4 51 87.93881
4 52 44.45768
4 53 89.17924
4 54 82.50799
4 55 70.62199
4 56 77.49421
4 57 93.37833
4 58 89.83407
4 59 119.49519
4 60 64.31637
4 61 57.08294
4 62 75.32256
4 63 83.78312
4 64 66.36687
4 65 80.48441
4 66 54.72879
4 67 43.90385
4 68 81.06883
4 69 60.21112
4 70 84.00620
4 71 60.66248
4 72 90.50714
4 73 77.62122
4 74 88.74876
4 75 67.22705
4 76 94.37855
4 77 69.09518
4 78 93.92645
4 79 67.24031
4 80 98.44017
4 81 8.72912
4 82 87.45831
4 83 57.28239
4 84 88.06161
4 85 26.09722
4 86 47.42675
4 87 67.62550
4 88 35.81323
4 89 87.98953
4 90 63.05323
4 91 71.05925
4 92 81.83805
4 93 54.66602
4 94 95.53242
4 95 57.01634
4 96 34.32762
4 97 48.84843
4 98 71.34279
4 99 92.96513
5 6 67.11214
5 7 40.22501
5 8 31.05231
5 9 39.31208
5 10 28.31487
5 11 64.00248
5 12 73.82927
5 13 60.31393
5 14 65.09718
5 15 70.74962
5 16 68.14219
5 17 69.83893
5 18 58.36422
5 19 76.68961
5 20 67.85595
5 21 34.51812
5 22 74.83458
5 23 81.58807
5 24 71.84162
5 25 74.82814
5 26 57.03939
5 27 39.31866
5 28 68.99928
5 29 16.57583
5 30 47.65972
5 31 56.80965
5 32 42.08052
5 33 76.00340
5 34 37.84863
5 35 63.17894
5 36 58.17971
5 37 55.31099
5 38 51.46990
5 39 79.28825
5 40 53.27655
5 41 52.82317
5 42 49.03182
5 43 57.17145
5 44 59.50297
5 45 25.79157
5 46 56.66039
5 47 52.54225
5 48 71.49369
5 49 62.40887
5 50 39.34682
5 51 55.53691
5 52 47.20282
5 53 54.49529
5 54 74.86987
5 55 42.75703
5 56 38.34740
5 57 65.77681
5 58 68.79838
5 59 79.97850
5 60 59.31664
5 61 46.27420
5 62 54.22697
5 63 58.04035
5 64 36.70842
5 65 59.24868
5 66 67.21628
5 67 40.68761
5 68 75.64367
5 69 30.95242
5 70 58.83182
5 71 66.76911
5 72 65.81372
5 73 58.62954
5 74 57.62096
5 75 46.00123
5 76 62.41897
5 77 60.13124
5 78 57.54428
5 79 53.61883
5 80 61.08741
5 81 44.78431
5 82 51.36664
5 83 54.47173
5 84 79.36869
5 85 42.63326
5 86 55.73542
5 87 60.92090
5 88 32.93169
5 89 60.15281
5 90 47.12801
5 91 50.73564
5 92 65.78198
5 93 26.33196
5 94 75.71909
5 95 60.71781
5 96 32.39149
5 97 54.32145
5 98 76.23323
5 99 73.54781
6 7 83.76846
6 8 85.48106
6 9 75.73118
6 10 80.20381
6 11 85.78217
6 12 59.40207
6 13 79.62263
6 14 100.85551
6 15 98.08673
6 16 121.55459
6 17 123.60809
6 18 108.43150
6 19 138.90248
6 20 104.40674
6 21 97.35796
6 22 58.45901
6 23 135.38840
6 24 59.48743
6 25 66.12086
6 26 99.52283
6 27 61.45985
6 28 126.66068
6 29 64.26830
6 30 65.13009
6 31 68.34859
6 32 63.34631
6 33 126.93492
6 34 85.75751
6 35 123.43053
6 36 49.26675
6 37 77.65207
6 38 26.49934
6 39 136.01196
6 40 74.03928
6 41 53.53094
6 42 82.69640
6 43 80.88555
6 44 115.48069
6 45 61.24425
6 46 101.28642
6 47 113.65974
6 48 117.62203
6 49 110.06042
6 50 61.11111
6 51 75.19684
6 52 100.23535
6 53 26.36666
6 54 129.14706
6 55 70.25992
6 56 45.09390
6 57 98.29367
6 58 115.97625
6 59 81.80147
6 60 89.19327
6 61 74.18356
6 62 52.79856
6 63 71.70226
6 64 39.77262
6 65 66.03191
6 66 128.68541
6 67 66.86120
6 68 120.59145
6 69 75.51690
6 70 38.27530
6 71 129.97063
6 72 107.64986
6 73 108.45186
6 74 33.70882
6 75 84.65709
6 76 30.32153
6 77 82.93501
6 78 20.15808
6 79 84.95510
6 80 44.12194
6 81 102.28891
6 82 22.65099
6 83 97.48367
6 84 100.21326
6 85 93.70487
6 86 85.27341
6 87 67.96388
6 88 71.50603
6 89 99.24812
6 90 100.84482
6 91 87.92049
6 92 115.25545
6 93 66.52469
6 94 77.15726
6 95 106.50503
6 96 69.59823
6 97 102.99552
6 98 94.31912
6 99 77.35349
7 8 51.59916
7 9 37.13145
7 10 27.33931
7 11 36.91147
7 12 57.39756
7 13 95.81346
7 14 79.63709
7 15 66.18462
7 16 52.61372
7 17 77.24707
7 18 92.68699
7 19 60.88287
7 20 53.29387
7 21 57.71809
7 22 58.79384
7 23 63.50309
7 24 94.85300
7 25 95.54956
7 26 88.87531
7 27 49.57939
7 28 64.38788
7 29 52.88870
7 30 77.24757
7 31 69.98819
7 32 31.93467
7 33 106.10086
7 34 58.47949
7 35 81.75644
7 36 51.06814
7 37 87.06272
7 38 59.19507
7 39 74.61081
7 40 51.68357
7 41 85.23952
7 42 61.27408
7 43 55.17688
7 44 80.66194
7 45 64.45090
7 46 47.23909
7 47 42.25238
7 48 57.61802
7 49 83.50460
7 50 71.79921
7 51 83.88797
7 52 81.87417
7 53 73.77666
7 54 52.43839
7 55 73.85306
7 56 60.95993
7 57 90.78072
7 58 58.77259
7 59 87.23486
7 60 94.46683
7 61 74.29358
7 62 88.46616
7 63 81.50258
7 64 48.23757
7 65 89.52722
7 66 87.03978
7 67 66.25244
7 68 105.49513
7 69 64.16806
7 70 63.31673
7 71 64.38020
7 72 52.59225
7 73 61.36884
7 74 58.45755
7 75 60.77874
7 76 88.04115
7 77 35.69719
7 78 74.60714
7 79 31.83695
7 80 57.18140
7 81 55.94427
7 82 68.25797
7 83 60.58091
7 84 104.88311
7 85 71.81307
7 86 88.69445
7 87 64.41648
7 88 50.43554
7 89 48.04654
7 90 33.13851
7 91 40.91502
7 92 44.82458
7 93 63.67511
7 94 68.72945
7 95 36.36051
7 96 54.96291
7 97 88.39353
7 98 76.27487
7 99 49.83869
8 9 65.31579
8 10 51.82678
8 11 81.99449
8 12 92.39845
8 13 59.01219
8 14 43.80874
8 15 97.26613
8 16 51.14995
8 17 47.51484
8 18 61.88728
8 19 75.56562
8 20 65.13988
8 21 34.12670
8 22 91.84640
8 23 90.57865
8 24 100.04472
8 25 77.26691
8 26 67.88354
8 27 57.16052
8 28 66.86916
8 29 25.45893
8 30 50.19588
8 31 51.51893
8 32 66.18054
8 33 79.15005
8 34 51.50105
8 35 57.63469
8 36 74.83981
8 37 56.58483
8 38 72.95381
8 39 76.97401
8 40 47.40339
8 41 70.57655
8 42 26.70720
8 43 58.94775
8 44 72.58331
8 45 41.11354
8 46 53.05875
8 47 50.24501
8 48 50.93357
8 49 67.84476
8 50 38.93624
8 51 82.14075
8 52 46.96473
8 53 76.66117
8 54 84.35863
8 55 65.48585
8 56 64.17408
8 57 89.38153
8 58 88.34184
8 59 110.89816
8 60 63.68805
8 61 53.48190
8 62 62.12981
8 63 78.99242
8 64 50.98170
8 65 74.51064
8 66 65.89721
8 67 33.82545
8 68 85.66171
8 69 53.14017
8 70 70.64105
8 71 69.79597
8 72 88.20251
8 73 74.51146
8 74 74.60724
8 75 57.55248
8 76 82.31700
8 77 59.43221
8 78 80.56905
8 79 62.29083
8 80 85.12698
8 81 18.10262
8 82 72.17051
8 83 48.89922
8 84 78.85561
8 85 29.82065
8 86 43.44931
8 87 58.16704
8 88 26.16258
8 89 83.07531
8 90 62.77719
8 91 68.39887
8 92 81.60918
8 93 44.58115
8 94 88.90753
8 95 53.02202
8 96 20.74405
8 97 53.13607
8 98 68.32873
8 99 80.58647
9 10 19.78681
9 11 51.51544
9 12 61.23806
9 13 96.58923
9 14 101.22357
9 15 51.75491
9 16 84.22864
9 17 100.41650
9 18 82.39631
9 19 73.19368
9 20 64.09653
9 21 55.03528
9 22 64.90233
9 23 61.33924
9 24 70.97051
9 25 104.70775
9 26 68.47269
9 27 35.00238
9 28 83.48282
9 29 54.13683
9 30 69.89748
9 31 88.12785
9 32 33.13813
9 33 97.94283
9 34 40.86609
9 35 88.68697
9 36 50.68884
9 37 76.56736
9 38 54.03109
9 39 93.04504
9 40 67.38709
9 41 76.55090
9 42 81.56678
9 43 79.04564
9 44 63.20728
9 45 59.28223
9 46 76.07104
9 47 54.74520
9 48 88.62109
9 49 86.63519
9 50 76.04826
9 51 60.50491
9 52 76.39403
9 53 65.94579
9 54 57.50973
9 55 61.31043
9 56 39.26057
9 57 60.28620
9 58 41.16660
9 59 55.26655
9 60 91.99222
9 61 78.62521
9 62 78.56165
9 63 74.25939
9 64 52.13943
9 65 84.28888
9 66 87.71151
9 67 77.67588
9 68 93.68621
9 69 43.66103
9 70 72.84298
9 71 72.81153
9 72 38.51466
9 73 39.68835
9 74 62.21106
9 75 43.96174
9 76 78.14156
9 77 66.68203
9 78 64.49628
9 79 60.15065
9 80 48.06639
9 81 75.13799
9 82 56.26795
9 83 62.51862
9 84 91.74967
9 85 80.12382
9 86 94.58990
9 87 86.27220
9 88 67.55780
9 89 25.29859
9 90 39.90085
9 91 52.31697
9 92 45.08497
9 93 49.34521
9 94 83.99117
9 95 65.09413
9 96 68.47434
9 97 86.11922
9 98 102.87536
9 99 67.36919
10 11 47.34766
10 12 67.59916
10 13 86.18239
10 14 85.34983
10 15 50.78311
10 16 68.69891
10 17 81.84618
10 18 72.81790
10 19 61.61954
10 20 64.79598
10 21 44.60215
10 22 70.36877
10 23 59.31168
10 24 75.77020
10 25 95.43911
10 26 67.27601
10 27 43.35444
10 28 64.26892
10 29 44.80785
10 30 69.82179
10 31 76.74909
10 32 31.19006
10 33 86.10007
10 34 42.04209
10 35 70.91270
10 36 58.32939
10 37 76.48703
10 38 58.17127
10 39 74.10931
10 40 64.70861
10 41 71.49036
10 42 69.95327
10 43 65.07780
10 44 56.81884
10 45 50.95615
10 46 58.30728
10 47 43.74012
10 48 76.14346
10 49 70.15626
10 50 66.73119
10 51 59.90157
10 52 65.06447
10 53 66.36477
10 54 51.04097
10 55 54.08225
10 56 46.93306
10 57 63.89727
10 58 43.20382
10 59 67.92341
10 60 80.26051
10 61 65.62099
10 62 78.39680
10 63 66.46873
10 64 50.90969
10 65 76.41741
10 66 71.92205
10 67 66.20005
10 68 83.28685
10 69 41.54132
10 70 70.10272
10 71 56.10032
10 72 38.48100
10 73 43.72249
10 74 63.91391
10 75 49.25768
10 76 78.19792
10 77 60.38847
10 78 67.62411
10 79 47.81256
10 80 57.14840
10 81 59.27284
10 82 62.69610
10 83 61.18072
10 84 94.98449
10 85 64.72190
10 86 83.01243
10 87 76.04230
10 88 53.95385
10 89 33.69082
10 90 24.80269
10 91 39.00029
10 92 38.98898
10 93 46.36721
10 94 75.87402
10 95 56.60623
10 96 57.00271
10 97 72.86103
10 98 88.66471
10 99 70.06333
11 12 46.15711
11 13 111.28658
11 14 99.34242
11 15 51.21663
11 16 79.55639
11 17 100.10329
11 18 115.13435
11 19 84.49667
11 20 85.56582
11 21 88.83704
11 22 48.99750
11 23 82.41297
11 24 90.92062
11 25 98.48956
11 26 113.35117
11 27 72.89716
11 28 75.52951
11 29 77.00436
11 30 103.59744
11 31 80.88274
11 32 27.35784
11 33 124.17523
11 34 86.87557
11 35 101.00101
11 36 58.71836
11 37 114.62506
11 38 60.18486
11 39 83.08932
11 40 79.74425
11 41 90.63678
11 42 87.75651
11 43 56.38369
11 44 100.81325
11 45 81.86184
11 46 57.08646
11 47 75.30299
11 48 87.38284
11 49 92.15280
11 50 90.11496
11 51 88.17381
11 52 106.07636
11 53 72.35774
11 54 67.24680
11 55 80.22150
11 56 74.52045
11 57 103.09232
11 58 68.98444
11 59 79.73649
11 60 107.34800
11 61 83.07587
11 62 107.95012
11 63 78.32410
11 64 62.64535
11 65 92.41849
11 66 106.77748
11 67 84.90491
11 68 118.23034
11 69 84.70756
11 70 63.08582
11 71 80.21779
11 72 52.54087
11 73 84.46854
11 74 56.92325
11 75 89.78625
11 76 88.99564
11 77 52.91598
11 78 72.98273
11 79 29.20898
11 80 51.05760
11 81 86.74118
11 82 76.63509
11 83 95.82561
11 84 134.74725
11 85 95.01521
11 86 110.48134
11 87 71.62323
11 88 70.72157
11 89 56.03716
11 90 45.04547
11 91 31.93370
11 92 51.97219
11 93 86.26404
11 94 48.54989
11 95 68.69801
11 96 79.14184
11 97 108.57935
11 98 80.63839
11 99 58.63157
12 13 115.96977
12 14 111.83969
12 15 80.58327
12 16 103.03999
12 17 123.96695
12 18 130.27855
12 19 116.04683
12 20 84.26386
12 21 103.00124
12 22 5.89661
12 23 108.21260
12 24 87.88643
12 25 97.06753
12 26 120.00829
12 27 62.77714
12 28 113.77479
12 29 81.41742
12 30 93.40467
12 31 82.70703
12 32 41.38711
12 33 146.08588
12 34 91.50260
12 35 129.57756
12 36 28.53582
12 37 107.04211
12 38 38.10588
12 39 122.88040
12 40 68.97592
12 41 91.49612
12 42 90.59625
12 43 74.27898
12 44 121.62797
12 45 87.01167
12 46 86.99731
12 47 97.07321
12 48 100.99953
12 49 120.28828
12 50 90.66676
12 51 97.29307
12 52 120.53467
12 53 60.89565
12 54 99.56745
12 55 92.49977
12 56 64.38004
12 57 113.07166
12 58 94.25562
12 59 80.73491
12 60 119.70130
12 61 96.24882
12 62 95.85258
12 63 92.06818
12 64 49.50315
12 65 99.08048
12 66 135.24513
12 67 88.15398
12 68 140.26550
12 69 91.84934
12 70 46.56830
12 71 117.15028
12 72 82.80752
12 73 98.63657
12 74 32.04733
12 75 88.24611
12 76 77.41743
12 77 54.14963
12 78 56.18621
12 79 58.74315
12 80 24.36800
12 81 103.33176
12 82 53.92674
12 83 95.48125
12 84 124.76073
12 85 110.32452
12 86 115.24705
12 87 71.61700
12 88 79.82008
12 89 75.48323
12 90 80.15646
12 91 69.35874
12 92 86.50706
12 93 88.39123
12 94 62.74337
12 95 81.50716
12 96 83.05714
12 97 125.38699
12 98 92.93327
12 99 37.68700
13 14 56.50655
13 15 111.84498
13 16 103.70511
13 17 77.13878
13 18 59.58525
13 19 124.76230
13 20 118.95567
13 21 72.87723
13 22 115.27322
13 23 137.37836
13 24 84.03996
13 25 48.79447
13 26 77.54563
13 27 88.65104
13 28 96.05711
13 29 47.93288
13 30 64.56447
13 31 54.69844
13 32 90.50524
13 33 71.10110
13 34 84.28303
13 35 71.17532
13 36 101.94701
13 37 67.49128
13 38 82.53831
13 39 102.88782
13 40 90.51383
13 41 40.11017
13 42 63.32313
13 43 74.34755
13 44 90.33325
13 45 37.55117
13 46 84.26743
13 47 103.79113
13 48 105.60486
13 49 61.92665
13 50 29.16917
13 51 71.01025
13 52 50.87314
13 53 67.07744
13 54 129.72610
13 55 51.93186
13 56 75.83547
13 57 92.99048
13 58 123.37846
13 59 116.89136
13 60 24.11059
13 61 33.12616
13 62 51.84453
13 63 58.92804
13 64 70.99469
13 65 39.43658
13 66 79.16161
13 67 37.76713
13 68 71.91822
13 69 66.08205
13 70 77.83398
13 71 102.97473
13 72 118.80940
13 73 111.41001
13 74 87.18327
13 75 92.97202
13 76 60.08920
13 77 102.69659
13 78 74.47472
13 79 93.50315
13 80 101.87704
13 81 69.66115
13 82 78.50031
13 83 97.81405
13 84 96.10243
13 85 39.79700
13 86 23.11064
13 87 70.38412
13 88 51.88658
13 89 117.13354
13 90 98.63348
13 91 90.17180
13 92 120.43111
13 93 56.53767
13 94 95.05360
13 95 109.84880
13 96 49.68088
13 97 42.20456
13 98 78.70018
13 99 119.37579
14 15 119.71504
14 16 62.30668
14 17 35.59500
14 18 85.67991
14 19 103.53474
14 20 101.12036
14 21 74.26160
14 22 109.84209
14 23 125.87268
14 24 120.21966
14 25 60.96379
14 26 103.76689
14 27 95.33253
14 28 72.26490
14 29 56.69056
14 30 81.89378
14 31 37.81971
14 32 89.39261
14 33 94.50049
14 34 94.22659
14 35 66.21571
14 36 100.97079
14 37 89.15002
14 38 92.92878
14 39 79.05170
14 40 73.80431
14 41 80.07457
14 42 34.46865
14 43 50.94471
14 44 105.75137
14 45 63.30130
14 46 51.77439
14 47 85.69565
14 48 63.43752
14 49 70.28168
14 50 47.95276
14 51 105.58165
14 52 71.22947
14 53 90.08897
14 54 115.02631
14 55 82.93306
14 56 96.45261
14 57 122.87939
14 58 123.62285
14 59 140.30962
14 60 65.48737
14 61 52.51348
14 62 84.34204
14 63 86.38577
14 64 73.39294
14 65 77.40253
14 66 81.69088
14 67 35.85041
14 68 100.91209
14 69 88.74319
14 70 77.20997
14 71 89.63149
14 72 118.61530
14 73 115.84602
14 74 89.55618
14 75 100.62547
14 76 93.22586
14 77 75.11018
14 78 96.72916
14 79 71.89944
14 80 108.72639
14 81 41.64840
14 82 96.67318
14 83 89.75379
14 84 113.94164
14 85 39.37521
14 86 42.40922
14 87 48.49993
14 88 35.78059
14 89 118.47657
14 90 89.43213
14 91 82.36575
14 92 111.01469
14 93 79.26923
14 94 86.03694
14 95 80.04367
14 96 39.06563
14 97 65.67383
14 98 42.66107
14 99 101.81528
15 16 107.51183
15 17 115.70339
15 18 99.56069
15 19 90.37250
15 20 111.03976
15 21 88.83706
15 22 85.24078
15 23 81.63911
15 24 68.85110
15 25 112.78994
15 26 98.16951
15 27 84.12969
15 28 80.54640
15 29 85.53631
15 30 111.81148
15 31 105.75021
15 32 48.42274
15 33 102.77383
15 34 84.71452
15 35 94.13725
15 36 86.77932
15 37 117.77056
15 38 77.99947
15 39 85.66710
15 40 110.54675
15 41 84.53791
15 42 113.22768
15 43 84.80408
15 44 77.49692
15 45 81.68102
15 46 82.45625
15 47 87.14053
15 48 119.82017
15 49 79.39653
15 50 100.16811
15 51 60.58841
15 52 97.19600
15 53 77.99663
15 54 69.77394
15 55 63.67053
15 56 75.06995
15 57 72.23882
15 58 52.51369
15 59 50.22456
15 60 98.75473
15 61 84.33571
15 62 111.76221
15 63 63.61459
15 64 85.17500
15 65 84.72884
15 66 92.91418
15 67 101.01422
15 68 90.96392
15 69 73.37405
15 70 91.34238
15 71 73.50372
15 72 33.66371
15 73 74.39383
15 74 84.09161
15 75 92.71812
15 76 89.57378
15 77 96.22330
15 78 79.53679
15 79 67.43947
15 80 69.66786
15 81 103.17224
15 82 87.64717
15 83 110.95349
15 84 137.13229
15 85 99.50984
15 86 117.67882
15 87 103.58131
15 88 90.80451
15 89 46.78981
15 90 46.77356
15 91 42.43258
15 92 49.56275
15 93 82.96509
15 94 75.34737
15 95 100.51100
15 96 97.92043
15 97 99.06656
15 98 111.32730
15 99 100.89281
16 17 44.77936
16 18 100.54324
16 19 54.87236
16 20 66.34022
16 21 66.53518
16 22 102.40617
16 23 80.47620
16 24 136.58249
16 25 108.77977
16 26 108.02653
16 27 87.64204
16 28 53.70480
16 29 72.25878
16 30 96.65862
16 31 76.91061
16 32 80.74854
16 33 109.65353
16 34 84.44561
16 35 72.71020
16 36 94.44723
16 37 103.60429
16 38 101.81229
16 39 61.78076
16 40 66.46019
16 41 112.52068
16 42 55.38101
16 43 65.98434
16 44 97.81052
16 45 86.73611
16 46 43.38099
16 47 45.03782
16 48 22.10164
16 49 88.60799
16 50 84.90973
16 51 118.71228
16 52 87.58533
16 53 111.62653
16 54 70.01463
16 55 102.43230
16 56 101.87191
16 57 123.27352
16 58 92.32806
16 59 136.06656
16 60 104.27547
16 61 88.26560
16 62 111.38468
16 63 110.21804
16 64 82.49858
16 65 112.85310
16 66 82.78706
16 67 74.11456
16 68 116.85923
16 69 92.99603
16 70 94.61643
16 71 63.19355
16 72 91.41681
16 73 89.96777
16 74 97.96515
16 75 88.22652
16 76 122.23972
16 77 54.49249
16 78 115.06316
16 79 58.20660
16 80 106.24989
16 81 38.35309
16 82 108.41922
16 83 70.51414
16 84 119.31908
16 85 68.61256
16 86 88.45624
16 87 74.73542
16 88 58.75846
16 89 90.98110
16 90 62.99958
16 91 72.79823
16 92 75.01511
16 93 89.79663
16 94 95.95256
16 95 34.69586
16 96 62.65387
16 97 91.41125
16 98 71.81859
16 99 82.16295
17 18 81.10855
17 19 78.85632
17 20 98.24554
17 21 66.54942
17 22 123.15428
17 23 107.36923
17 24 132.12746
17 25 90.85815
17 26 101.99390
17 27 102.33565
17 28 48.89340
17 29 67.57579
17 30 95.93353
17 31 66.93990
17 32 94.70943
17 33 84.63170
17 34 92.48720
17 35 46.54733
17 36 113.90501
17 37 100.12576
17 38 110.10812
17 39 54.25859
17 40 85.59151
17 41 97.97708
17 42 53.12573
17 43 64.08028
17 44 93.59031
17 45 75.69821
17 46 46.65941
17 47 69.41759
17 48 55.40141
17 49 63.47304
17 50 70.35011
17 51 110.76727
17 52 68.35214
17 53 109.59028
17 54 96.46561
17 55 90.23116
17 56 107.40488
17 57 120.66239
17 58 110.90911
17 59 144.08620
17 60 76.39189
17 61 67.45051
17 62 103.83472
17 63 96.68556
17 64 90.48029
17 65 94.16204
17 66 62.03258
17 67 60.43039
17 68 94.13744
17 69 90.70566
17 70 99.62484
17 71 65.28345
17 72 108.56949
17 73 105.68475
17 74 108.20454
17 75 100.92881
17 76 114.88488
17 77 82.24506
17 78 115.92480
17 79 74.03703
17 80 121.19680
17 81 33.07579
17 82 114.40684
17 83 88.34377
17 84 120.92204
17 85 43.08865
17 86 62.99917
17 87 73.63975
17 88 52.32272
17 89 111.14149
17 90 77.96368
17 91 80.02677
17 92 96.92692
17 93 86.24791
17 94 99.06670
17 95 72.83533
17 96 56.80523
17 97 64.56635
17 98 63.28906
17 99 111.32226
18 19 94.69641
18 20 108.32484
18 21 43.73492
18 22 131.77321
18 23 103.81419
18 24 90.13679
18 25 101.87716
18 26 35.63261
18 27 83.76637
18 28 84.98479
18 29 56.11756
18 30 69.85501
18 31 95.22947
18 32 95.04263
18 33 26.61092
18 34 58.12699
18 35 48.66611
18 36 113.37298
18 37 63.37249
18 38 102.31767
18 39 91.21915
18 40 101.50491
18 41 69.66865
18 42 84.81653
18 43 100.48476
18 44 39.85409
18 45 50.37012
18 46 94.08990
18 47 79.91118
18 48 107.44730
18 49 56.26549
18 50 65.05128
18 51 60.78479
18 52 15.38581
18 53 93.93872
18 54 102.04739
18 55 54.48070
18 56 77.00578
18 57 56.97073
18 58 91.74640
18 59 105.49842
18 60 47.43859
18 61 63.95597
18 62 71.44860
18 63 75.14809
18 64 90.35435
18 65 71.41927
18 66 41.67744
18 67 72.41348
18 68 35.78979
18 69 43.52247
18 70 110.15012
18 71 74.45795
18 72 95.71645
18 73 75.26272
18 74 111.45952
18 75 71.76124
18 76 91.79967
18 77 115.28693
18 78 98.71119
18 79 104.10345
18 80 113.25977
18 81 67.38979
18 82 95.46201
18 83 82.78558
18 84 81.39450
18 85 46.52102
18 86 59.17779
18 87 106.70064
18 88 74.18836
18 89 93.97945
18 90 81.80382
18 91 91.50686
18 92 97.31683
18 93 47.16010
18 94 121.49722
18 95 104.48463
18 96 71.00204
18 97 24.49198
18 98 113.87602
18 99 130.75783
19 20 72.82260
19 21 62.70032
19 22 118.15939
19 23 34.69438
19 24 134.19287
19 25 140.41611
19 26 95.79998
19 27 90.53065
19 28 56.68194
19 29 88.07050
19 30 110.11713
19 31 114.43539
19 32 85.98171
19 33 100.01723
19 34 75.11755
19 35 73.32133
19 36 108.02752
19 37 112.33398
19 38 116.42020
19 39 62.53299
19 40 94.53645
19 41 124.78465
19 42 94.64815
19 43 98.28291
19 44 71.83002
19 45 98.57539
19 46 73.36499
19 47 30.63848
19 48 69.43810
19 49 91.83508
19 50 109.34087
19 51 111.07607
19 52 88.44215
19 53 125.89744
19 54 29.20455
19 55 104.00774
19 56 104.41483
19 57 101.99948
19 58 55.51979
19 59 120.01165
19 60 116.55142
19 61 106.96035
19 62 126.28815
19 63 116.39491
19 64 103.02782
19 65 125.94818
19 66 71.90897
19 67 104.41688
19 68 105.51002
19 69 86.65934
19 70 121.54019
19 71 38.93913
19 72 63.25558
19 73 59.55859
19 74 118.31173
19 75 81.31081
19 76 136.82309
19 77 86.26963
19 78 128.06117
19 79 79.19628
19 80 113.83925
19 81 67.08270
19 82 120.64053
19 83 75.73925
19 84 121.89221
19 85 88.09348
19 86 114.19987
19 87 113.59484
19 88 89.35445
19 89 65.21756
19 90 48.05944
19 91 76.30119
19 92 44.90830
19 93 92.51442
19 94 118.14987
19 95 56.77306
19 96 92.26711
19 97 96.79989
19 98 114.62872
19 99 103.18121
20 21 65.47679
20 22 84.33147
20 23 69.95654
20 24 126.79455
20 25 127.59940
20 26 93.15098
20 27 51.32502
20 28 102.60738
20 29 72.89481
20 30 73.01590
20 31 98.37900
20 32 77.32456
20 33 128.28300
20 34 58.87695
20 35 109.31544
20 36 64.74380
20 37 79.85200
20 38 86.25973
20 39 112.85461
20 40 42.34783
20 41 116.90397
20 42 71.17787
20 43 97.97528
20 44 97.66564
20 45 89.89748
20 46 89.24262
20 47 47.89574
20 48 56.42957
20 49 122.08837
20 50 93.05080
20 51 115.57897
20 52 97.87761
20 53 106.05704
20 54 73.30415
20 55 109.40489
20 56 77.85190
20 57 109.23907
20 58 81.04200
20 59 116.18310
20 60 123.56633
20 61 110.52540
20 62 95.18947
20 63 123.84674
20 64 70.02949
20 65 125.53116
20 66 111.56900
20 67 89.43079
20 68 133.46869
20 69 81.69688
20 70 93.58366
20 71 95.59498
20 72 87.76030
20 73 65.45716
20 74 86.79151
20 75 50.45154
20 76 117.11233
20 77 55.61822
20 78 104.06609
20 79 81.32764
20 80 85.07573
20 81 68.83077
20 82 85.03402
20 83 31.47542
20 84 83.01587
20 85 93.88560
20 86 104.49641
20 87 94.47546
20 88 78.66367
20 89 73.27052
20 90 76.19862
20 91 93.60606
20 92 78.33833
20 93 77.99681
20 94 116.61843
20 95 34.35116
20 96 73.89973
20 97 110.91183
20 98 110.54216
20 99 57.00775
21 22 104.24115
21 23 71.27547
21 24 95.62376
21 25 101.54295
21 26 41.61692
21 27 53.85635
21 28 70.24542
21 29 37.79789
21 30 53.64730
21 31 81.63813
21 32 71.32441
21 33 63.05397
21 34 28.84052
21 35 53.48194
21 36 84.19118
21 37 52.79802
21 38 83.75127
21 39 79.68166
21 40 66.25118
21 41 77.77058
21 42 60.10368
21 43 83.18051
21 44 42.47986
21 45 47.25724
21 46 72.19073
21 47 39.51915
21 48 70.68793
21 49 68.35294
21 50 59.41878
21 51 71.31628
21 52 34.36778
21 53 87.04639
21 54 70.51949
21 55 62.95928
21 56 61.16161
21 57 64.81346
21 58 67.63798
21 59 98.61933
21 60 69.20739
21 61 67.87134
21 62 68.24339
21 63 82.94736
21 64 66.92513
21 65 82.99441
21 66 51.89621
21 67 61.16051
21 68 70.23071
21 69 35.56174
21 70 91.75321
21 71 58.52147
21 72 73.96249
21 73 47.51718
21 74 90.33418
21 75 40.44594
21 76 91.96129
21 77 79.82756
21 78 89.66637
21 79 77.97296
21 80 91.04162
21 81 39.48947
21 82 79.27901
21 83 43.34193
21 84 68.42190
21 85 43.92334
21 86 62.42790
21 87 87.88905
21 88 54.79669
21 89 67.37496
21 90 56.03189
21 91 73.64994
21 92 69.65054
21 93 36.32455
21 94 106.97552
21 95 62.75835
21 96 50.48499
21 97 49.20257
21 98 98.30346
21 99 94.86942
22 23 111.54571
22 24 90.75612
22 25 94.91822
22 26 122.02404
22 27 64.11764
22 28 114.99088
22 29 81.44391
22 30 92.93915
22 31 80.10500
22 32 44.31456
22 33 147.87486
22 34 93.44052
22 35 130.67116
22 36 28.26054
22 37 106.99706
22 38 38.23846
22 39 124.16238
22 40 66.78873
22 41 92.03464
22 42 88.37302
22 43 72.96226
22 44 124.57301
22 45 87.50700
22 46 86.70530
22 47 98.53898
22 48 99.46168
22 49 121.63020
22 50 89.59285
22 51 100.23545
22 52 121.55476
22 53 61.25433
22 54 102.77853
22 55 94.40509
22 56 66.23119
22 57 116.64358
22 58 98.58849
22 59 85.74886
22 60 120.06962
22 61 96.24041
22 62 95.32510
22 63 93.71333
22 64 48.39329
22 65 99.60595
22 66 136.93919
22 67 86.60931
22 68 142.49457
22 69 93.99072
22 70 43.75495
22 71 119.42384
22 72 87.36561
22 73 102.01932
22 74 30.17042
22 75 89.92240
22 76 77.51498
22 77 51.95787
22 78 56.70696
22 79 59.00417
22 80 27.64219
22 81 102.78978
22 82 54.12409
22 83 95.66720
22 84 124.94641
22 85 110.12725
22 86 114.07768
22 87 68.49052
22 88 78.64146
22 89 79.98315
22 90 83.05971
22 91 71.63866
22 92 90.23544
22 93 89.60295
22 94 62.32255
22 95 81.19070
22 96 81.71655
22 97 126.17277
22 98 90.28385
22 99 35.23849
23 24 126.76737
23 25 152.10468
23 26 93.94118
23 27 82.54128
23 28 81.99489
23 29 95.50411
23 30 111.41045
23 31 128.34633
23 32 82.59526
23 33 112.39526
23 34 70.01460
23 35 95.74466
23 36 100.69050
23 37 113.42849
23 38 112.33070
23 39 88.49043
23 40 98.87884
23 41 128.76912
23 42 110.34637
23 43 112.62646
23 44 71.85384
23 45 104.81595
23 46 93.33443
23 47 43.21979
23 48 90.18076
23 49 108.34964
23 50 119.66709
23 51 107.27155
23 52 99.94323
23 53 124.78390
23 54 20.44766
23 55 107.13359
23 56 97.20770
23 57 91.96708
23 58 33.63097
23 59 102.29453
23 60 128.96426
23 61 119.31967
23 62 127.79205
23 63 120.85887
23 64 103.99753
23 65 132.74895
23 66 90.75873
23 67 117.50124
23 68 114.16930
23 69 84.64162
23 70 124.58227
23 71 60.21482
23 72 48.41282
23 73 42.27120
23 74 116.53414
23 75 73.18823
23 76 136.62274
23 77 92.84425
23 78 124.68124
23 79 88.26468
23 80 104.45932
23 81 88.36167
23 82 115.19341
23 83 76.64594
23 84 118.99428
23 85 106.01100
23 86 129.37848
23 87 125.99619
23 88 103.22325
23 89 44.97492
23 90 51.60153
23 91 82.10942
23 92 35.82735
23 93 93.23001
23 94 124.68274
23 95 67.20228
23 96 104.79819
23 97 111.26074
23 98 133.16994
23 99 99.64070
24 25 88.58172
24 26 83.77674
24 27 78.13551
24 28 119.28970
24 29 75.84737
24 30 86.86330
24 31 97.52370
24 32 68.55155
24 33 100.87901
24 34 84.35014
24 35 110.63856
24 36 83.74984
24 37 91.60268
24 38 60.11593
24 39 126.38447
24 40 110.28149
24 41 45.63356
24 42 111.33252
24 43 97.62843
24 44 89.51807
24 45 62.49125
24 46 110.15273
24 47 116.84898
24 48 141.24814
24 49 90.48196
24 50 79.19347
24 51 32.38852
24 52 89.67040
24 53 44.03274
24 54 120.80623
24 55 44.79883
24 56 51.75185
24 57 61.26950
24 58 97.33472
24 59 45.40111
24 60 77.57712
24 61 72.59164
24 62 72.93967
24 63 46.68634
24 64 73.74621
24 65 53.54082
24 66 109.83610
24 67 88.53456
24 68 87.02558
24 69 62.26668
24 70 78.82291
24 71 115.29578
24 72 88.19982
24 73 96.25765
24 74 73.06648
24 75 90.48763
24 76 42.38442
24 77 113.84864
24 78 44.31770
24 79 97.21922
24 80 65.05804
24 81 114.48375
24 82 57.80149
24 83 114.99747
24 84 113.38503
24 85 96.76097
24 86 98.11459
24 87 101.25118
24 88 90.64789
24 89 86.00781
24 90 91.55310
24 91 81.25446
24 92 103.43716
24 93 65.32439
24 94 89.09592
24 95 126.48250
24 96 91.99827
24 97 90.59660
24 98 118.59866
24 99 113.30722
25 26 114.62357
25 27 98.59245
25 28 104.79636
25 29 66.53486
25 30 86.86448
25 31 34.46589
25 32 83.64311
25 33 111.36838
25 34 108.77897
25 35 99.07542
25 36 92.54757
25 37 97.10453
25 38 70.13921
25 39 111.33678
25 40 91.13966
25 41 49.39755
25 42 68.28049
25 43 54.41624
25 44 122.44907
25 45 60.37312
25 46 78.72783
25 47 120.00836
25 48 109.29697
25 49 82.02407
25 50 45.82710
25 51 89.62652
25 52 91.20977
25 53 54.89573
25 54 140.20776
25 55 69.38966
25 56 85.43508
25 57 120.68626
25 58 136.99519
25 59 121.46151
25 60 61.10471
25 61 43.18324
25 62 72.93189
25 63 60.96687
25 64 65.20099
25 65 46.21645
25 66 111.09982
25 67 44.17760
25 68 107.70673
25 69 92.68429
25 70 51.88602
25 71 120.30641
25 72 126.15218
25 73 132.79094
25 74 67.45318
25 75 114.26991
25 76 52.40511
25 77 91.05508
25 78 62.79679
25 79 80.54494
25 80 89.79522
25 81 87.46266
25 82 75.58058
25 83 116.90530
25 84 126.39218
25 85 69.57442
25 86 57.82726
25 87 44.38652
25 88 54.43849
25 89 126.05550
25 90 105.94431
25 91 84.98647
25 92 127.79281
25 93 82.59763
25 94 64.78236
25 95 113.47846
25 96 58.72166
25 97 82.98558
25 98 53.25741
25 99 105.74970
26 27 64.12892
26 28 103.03591
26 29 57.18385
26 30 55.56397
26 31 105.36504
26 32 90.49852
26 33 58.82453
26 34 36.22768
26 35 76.42276
26 36 99.46002
26 37 46.48092
26 38 93.59927
26 39 111.13040
26 40 92.66692
26 41 76.36727
26 42 90.53414
26 43 111.78868
26 44 38.60060
26 45 55.39592
26 46 107.15112
26 47 76.34061
26 48 110.80372
26 49 83.30736
26 50 73.00710
26 51 59.32299
26 52 39.59401
26 53 91.15622
26 54 97.62446
26 55 62.82796
26 56 60.45585
26 57 40.49285
26 58 80.75176
26 59 90.36469
26 60 71.68630
26 61 81.61966
26 62 62.50830
26 63 86.57359
26 64 83.79013
26 65 84.49423
26 66 68.26567
26 67 82.17444
26 68 62.19473
26 69 30.61604
26 70 108.96606
26 71 87.17172
26 72 89.06033
26 73 55.85830
26 74 105.19016
26 75 46.92389
26 76 90.38059
26 77 112.30215
26 78 92.52436
26 79 108.67598
26 80 101.23294
26 81 77.84483
26 82 82.28139
26 83 66.74625
26 84 56.58325
26 85 67.29197
26 86 75.31586
26 87 113.93704
26 88 82.89209
26 89 80.54333
26 90 83.18771
26 91 97.81799
26 92 93.41968
26 93 36.80052
26 94 128.73225
26 95 100.31223
26 96 76.66685
26 97 55.58705
26 98 128.21057
26 99 120.06988
27 28 101.96313
27 29 44.49074
27 30 41.98774
27 31 80.50843
27 32 50.48790
27 33 105.98903
27 34 33.64979
27 35 99.27573
27 36 38.03225
27 37 51.17075
27 38 46.81333
27 39 112.61372
27 40 44.85265
27 41 74.83109
27 42 67.55370
27 43 84.56924
27 44 77.18386
27 45 54.37545
27 46 86.79729
27 47 63.09249
27 48 83.66368
27 49 100.62273
27 50 64.24115
27 51 72.10573
27 52 75.47920
27 53 62.79032
27 54 82.67974
27 55 70.35172
27 56 27.32582
27 57 71.89114
27 58 71.39555
27 59 74.67783
27 60 92.35105
27 61 81.21238
27 62 55.68820
27 63 85.82607
27 64 37.48473
27 65 86.69882
27 66 100.04149
27 67 67.60668
27 68 105.36321
27 69 44.43656
27 70 65.45027
27 71 94.56350
27 72 73.05439
27 73 54.33255
27 74 55.36386
27 75 27.13080
27 76 71.88856
27 77 62.76603
27 78 59.52023
27 79 73.39944
27 80 49.45415
27 81 71.56356
27 82 39.15731
27 83 43.15430
27 84 64.78673
27 85 77.65158
27 86 82.81146
27 87 80.03883
27 88 62.48540
27 89 57.35579
27 90 67.16360
27 91 75.71639
27 92 75.64510
27 93 39.79180
27 94 95.21020
27 95 63.90008
27 96 57.05646
27 97 87.54587
27 98 102.67277
27 99 59.29817
28 29 77.22081
28 30 112.02793
28 31 85.31789
28 32 77.72267
28 33 81.91829
28 34 91.09181
28 35 43.21317
28 36 111.38815
28 37 116.62145
28 38 107.08727
28 39 10.93837
28 40 100.48285
28 41 99.23967
28 42 81.56081
28 43 63.60772
28 44 78.71646
28 45 81.27967
28 46 38.05565
28 47 61.46244
28 48 74.32162
28 49 50.32623
28 50 88.05896
28 51 96.80776
28 52 76.79707
28 53 106.89341
28 54 65.78604
28 55 80.96035
28 56 104.30415
28 57 105.67034
28 58 80.86085
28 59 120.64400
28 60 84.80972
28 61 71.83537
28 62 118.61490
28 63 84.26049
28 64 95.07660
28 65 93.75256
28 66 52.87774
28 67 80.78336
28 68 84.05114
28 69 86.43804
28 70 102.93871
28 71 29.51959
28 72 74.51748
28 73 89.66137
28 74 106.73907
28 75 101.73867
28 76 115.88618
28 77 84.84492
28 78 112.79360
28 79 58.76913
28 80 110.75707
28 81 57.45334
28 82 115.66517
28 83 99.25210
28 84 137.39101
28 85 63.59066
28 86 90.89624
28 87 87.06266
28 88 67.07639
28 89 84.80717
28 90 47.14957
28 91 51.41098
28 92 62.90258
28 93 89.61343
28 94 85.72335
28 95 75.03638
28 96 76.29862
28 97 73.72959
28 98 77.55589
28 99 110.21127
29 30 37.39281
29 31 49.36014
29 32 54.70826
29 33 75.88704
29 34 43.64665
29 35 65.23069
29 36 63.19847
29 37 45.63698
29 38 54.33405
29 39 87.25429
29 40 50.95258
29 41 48.36398
29 42 40.02169
29 43 59.19477
29 44 67.40227
29 45 18.57656
29 46 62.24399
29 47 62.31200
29 48 72.53974
29 49 65.23198
29 50 25.10373
29 51 60.93644
29 52 43.28274
29 53 54.43075
29 54 89.64774
29 55 45.82069
29 56 42.09398
29 57 72.96734
29 58 84.50128
29 59 91.07116
29 60 52.39812
29 61 42.08249
29 62 42.39677
29 63 61.04342
29 64 36.19496
29 65 55.69687
29 66 70.79105
29 67 28.69732
29 68 77.46009
29 69 35.86269
29 70 57.88475
29 71 77.68635
29 72 82.31999
29 73 70.71339
29 74 59.89621
29 75 50.48302
29 76 58.84732
29 77 64.73827
29 78 58.15001
29 79 62.97955
29 80 68.68210
29 81 42.52614
29 82 50.95003
29 83 55.20327
29 84 72.62794
29 85 35.10363
29 86 41.06596
29 87 56.89321
29 88 27.56360
29 89 76.05804
29 90 62.66522
29 91 63.44539
29 92 81.86636
29 93 24.35460
29 94 81.11049
29 95 67.21649
29 96 21.78858
29 97 49.49070
29 98 73.47020
29 99 79.00783
30 31 73.37922
30 32 79.16068
30 33 95.36221
30 34 45.35001
30 35 95.15289
30 36 67.49313
30 37 15.61389
30 38 64.72570
30 39 122.25539
30 40 52.04368
30 41 66.63669
30 42 56.85927
30 43 91.78896
30 44 83.20013
30 45 45.02026
30 46 96.86742
30 47 80.76585
30 48 89.72011
30 49 98.76018
30 50 45.62667
30 51 77.82233
30 52 60.68604
30 53 68.87576
30 54 111.60976
30 55 71.27192
30 56 44.38148
30 57 80.52993
30 58 102.49693
30 59 101.58201
30 60 75.65222
30 61 73.69335
30 62 25.38027
30 63 88.88497
30 64 48.76230
30 65 79.09351
30 66 97.24554
30 67 53.69101
30 68 98.83453
30 69 47.89015
30 70 74.14153
30 71 107.96082
30 72 105.18329
30 73 79.19109
30 74 72.54974
30 75 43.58273
30 76 68.87546
30 77 82.54279
30 78 68.53336
30 79 94.00053
30 80 79.08530
30 81 66.88152
30 82 50.28001
30 83 49.15193
30 84 40.90970
30 85 63.28352
30 86 55.78190
30 87 80.28918
30 88 59.04456
30 89 92.74290
30 90 92.01731
30 91 97.06351
30 92 106.38010
30 93 33.66126
30 94 110.58327
30 95 83.02996
30 96 47.38457
30 97 71.93463
30 98 102.14818
30 99 87.06004
31 32 68.42923
31 33 107.65196
31 34 91.25890
31 35 85.83630
31 36 75.10023
31 37 85.30387
31 38 62.33355
31 39 93.44953
31 40 62.64069
31 41 60.72262
31 42 37.53775
31 43 33.70288
31 44 110.97321
31 45 53.29248
31 46 53.96298
31 47 92.94366
31 48 75.40973
31 49 78.18764
31 50 36.30100
31 51 92.63470
31 52 81.44854
31 53 59.54314
31 54 116.73232
31 55 71.33380
31 56 76.79558
31 57 116.63373
31 58 119.45338
31 59 119.78651
31 60 66.82513
31 61 43.85191
31 62 69.93619
31 63 69.88316
31 64 47.69219
31 65 60.95981
31 66 99.04430
31 67 24.74898
31 68 107.93732
31 69 82.76189
31 70 41.65297
31 71 101.18770
31 72 110.61870
31 73 114.18116
31 74 56.73236
31 75 95.33778
31 76 64.58062
31 77 60.69972
31 78 65.66925
31 79 57.70259
31 80 79.96182
31 81 59.92519
31 82 69.33408
31 83 91.14169
31 84 112.72005
31 85 54.55931
31 86 50.18620
31 87 16.71538
31 88 27.55657
31 89 108.91534
31 90 86.29582
31 91 70.62590
31 92 107.60637
31 93 71.83818
31 94 59.42050
31 95 81.46723
31 96 33.23698
31 97 77.45972
31 98 32.07882
31 99 80.67144
32 33 107.60901
32 34 65.83948
32 35 91.08781
32 36 42.79509
32 37 89.97086
32 38 38.00407
32 39 86.84665
32 40 66.02821
32 41 67.48825
32 42 74.32272
32 43 53.59993
32 44 84.60085
32 45 58.08065
32 46 59.03057
32 47 69.21366
32 48 85.82255
32 49 81.48059
32 50 68.77572
32 51 65.74011
32 52 86.26376
32 53 49.53282
32 54 71.31136
32 55 58.52968
32 56 47.62560
32 57 81.91697
32 58 64.31332
32 59 63.71677
32 60 87.85154
32 61 65.93477
32 62 81.85755
32 63 61.08741
32 64 40.69238
32 65 72.35303
32 66 95.63893
32 67 66.90823
32 68 101.49168
32 69 60.70225
32 70 48.39785
32 71 78.82183
32 72 51.18095
32 73 70.95809
32 74 40.24548
32 75 69.15951
32 76 65.56022
32 77 52.19580
32 78 49.83097
32 79 35.55158
32 80 33.64611
32 81 75.76234
32 82 51.62883
32 83 80.03008
32 84 111.30296
32 85 78.66074
32 86 90.90228
32 87 62.98077
32 88 55.68567
32 89 48.76732
32 90 42.92036
32 91 32.70458
32 92 55.41678
32 93 61.13954
32 94 51.52592
32 95 67.19471
32 96 61.53204
32 97 90.14603
32 98 78.76040
32 99 56.40576
33 34 80.41431
33 35 42.64645
33 36 132.82925
33 37 89.75289
33 38 119.76669
33 39 85.16940
33 40 122.56258
33 41 81.52338
33 42 101.63177
33 43 108.05827
33 44 47.48909
33 45 68.14357
33 46 99.16181
33 47 92.62756
33 48 120.62454
33 49 48.13137
33 50 82.18551
33 51 69.87778
33 52 36.22705
33 53 108.62290
33 54 108.48574
33 55 63.21466
33 56 97.63268
33 57 68.69078
33 58 99.86169
33 59 116.20572
33 60 52.30953
33 61 70.97984
33 62 94.73647
33 63 78.89977
33 64 109.43494
33 65 78.36354
33 66 32.55991
33 67 87.68406
33 68 19.92815
33 69 64.21093
33 70 125.54346
33 71 72.17702
33 72 102.14851
33 73 90.18698
33 74 128.11510
33 75 94.96202
33 76 106.42112
33 77 130.70442
33 78 114.62257
33 79 112.85139
33 80 129.73763
33 81 80.46337
33 82 115.78949
33 83 105.24265
33 84 107.62479
33 85 57.88934
33 86 74.14452
33 87 119.32491
33 88 88.24827
33 89 105.36058
33 90 88.43774
33 91 96.39457
33 92 103.54911
33 93 70.16030
33 94 127.88777
33 95 119.51708
33 96 88.29281
33 97 31.96395
33 98 121.01814
33 99 148.75522
34 35 79.15749
34 36 70.06390
34 37 44.99461
34 38 72.79790
34 39 100.96449
34 40 63.48189
34 41 78.18368
34 42 72.57928
34 43 93.86434
34 44 48.08110
34 45 51.65273
34 46 88.18279
34 47 50.02320
34 48 84.96217
34 49 87.07333
34 50 67.10745
34 51 65.67936
34 52 52.72573
34 53 80.09293
34 54 73.37331
34 55 65.27872
34 56 43.45492
34 57 53.35688
34 58 60.76218
34 59 81.09673
34 60 82.48784
34 61 79.68887
34 62 61.35526
34 63 86.37561
34 64 60.71478
34 65 87.66832
34 66 75.51459
34 67 71.91994
34 68 82.92493
34 69 27.53411
34 70 88.73981
34 71 76.84809
34 72 68.90642
34 73 34.24728
34 74 82.28593
34 75 15.05672
34 76 85.69556
34 77 81.27997
34 78 79.74692
34 79 84.05309
34 80 76.72610
34 81 62.38615
34 82 64.60252
34 83 38.03864
34 84 55.92243
34 85 65.88892
34 86 77.28372
34 87 95.15202
34 88 66.88258
34 89 55.73685
34 90 61.64394
34 91 79.24455
34 92 70.02599
34 93 30.37048
34 94 110.40412
34 95 68.52451
34 96 61.08263
34 97 68.56196
34 98 111.94257
34 99 86.65009
35 36 119.42764
35 37 94.88518
35 38 110.41599
35 39 46.88900
35 40 103.35367
35 41 84.58694
35 42 78.02072
35 43 79.33530
35 44 58.11806
35 45 64.86077
35 46 63.17607
35 47 68.89104
35 48 87.28607
35 49 32.14653
35 50 73.09654
35 51 82.40480
35 52 42.90745
35 53 104.29259
35 54 86.60629
35 55 66.72421
35 56 97.44283
35 57 87.87784
35 58 90.59705
35 59 121.47495
35 60 56.97118
35 61 59.50887
35 62 99.43770
35 63 77.30408
35 64 96.19354
35 65 79.50645
35 66 17.55302
35 67 71.13510
35 68 51.23870
35 69 69.50832
35 70 109.44160
35 71 43.47550
35 72 89.79315
35 73 86.80566
35 74 114.19046
35 75 92.53519
35 76 107.34290
35 77 103.02036
35 78 110.94845
35 79 83.76342
35 80 119.51992
35 81 51.34700
35 82 112.11330
35 83 93.20350
35 84 115.52821
35 85 39.65385
35 86 66.74102
35 87 94.89568
35 88 65.28125
35 89 95.44450
35 90 65.87206
35 91 72.96902
35 92 83.86314
35 93 72.25224
35 94 105.18285
35 95 90.83504
35 96 69.30352
35 97 37.11278
35 98 90.32134
35 99 126.76779
36 37 81.11292
36 38 29.59399
36 39 121.66528
36 40 46.83480
36 41 82.26517
36 42 74.08669
36 43 75.66411
36 44 107.73349
36 45 71.60051
36 46 85.99643
36 47 83.62598
36 48 89.01732
36 49 114.68056
36 50 74.77457
36 51 88.93334
36 52 103.30478
36 53 55.80053
36 54 95.74103
36 55 84.23070
36 56 45.38658
36 57 99.90694
36 58 88.98908
36 59 80.40039
36 60 108.21127
36 61 88.61397
36 62 73.59810
36 63 90.30700
36 64 31.55422
36 65 92.77924
36 66 124.06831
36 67 74.13844
36 68 129.58025
36 69 74.27274
36 70 44.41922
36 71 111.58917
36 72 82.94147
36 73 83.81930
36 74 29.52862
36 75 64.50822
36 76 69.85358
36 77 48.57452
36 78 50.46107
36 79 63.34014
36 80 26.14679
36 81 88.07214
36 82 35.89773
36 83 71.19905
36 84 97.09722
36 85 95.77207
36 86 98.30284
36 87 67.66080
36 88 67.74811
36 89 70.70620
36 90 77.30267
36 91 73.86125
36 92 85.51812
36 93 68.35492
36 94 76.26209
36 95 69.61449
36 96 66.62997
36 97 110.86971
36 98 92.81992
36 99 32.91131
37 38 78.03596
37 39 126.45308
37 40 64.85296
37 41 72.73705
37 42 66.95853
37 43 103.25542
37 44 78.73071
37 45 50.86641
37 46 105.93338
37 47 84.10249
37 48 97.61861
37 49 100.81185
37 50 54.22870
37 51 79.34734
37 52 56.55717
37 53 79.95722
37 54 115.48037
37 55 74.99067
37 56 52.76179
37 57 76.79546
37 58 104.96120
37 59 106.10567
37 60 76.69408
37 61 80.13971
37 62 31.42663
37 63 94.82890
37 64 63.17867
37 65 84.71963
37 66 94.80255
37 67 63.46914
37 68 94.69432
37 69 47.89724
37 70 88.70496
37 71 109.83664
37 72 109.92184
37 73 78.77991
37 74 86.96736
37 75 44.62172
37 76 78.15526
37 77 95.60319
37 78 79.93906
37 79 105.32536
37 80 91.41679
37 81 71.62783
37 82 62.69030
37 83 52.08046
37 84 29.89385
37 85 65.84960
37 86 58.87693
37 87 93.62118
37 88 69.29235
37 89 97.47311
37 90 97.88778
37 91 105.78468
37 92 111.42771
37 93 36.09742
37 94 122.96764
37 95 91.49951
37 96 57.66584
37 97 69.56377
37 98 113.63120
37 99 100.76937
38 39 116.67964
38 40 60.91078
38 41 56.48674
38 42 73.16007
38 43 65.28786
38 44 102.38120
38 45 55.36190
38 46 82.01752
38 47 92.91296
38 48 99.85831
38 49 98.92391
38 50 59.39142
38 51 69.51043
38 52 93.14485
38 53 26.48203
38 54 104.85678
38 55 63.33263
38 56 35.83859
38 57 90.13283
38 58 94.01204
38 59 70.44294
38 60 88.01028
38 61 68.36846
38 62 60.69072
38 63 65.67051
38 64 24.33706
38 65 66.89803
38 66 115.69457
38 67 61.52676
38 68 113.76936
38 69 65.69457
38 70 28.39486
38 71 109.78038
38 72 84.55785
38 73 90.39362
38 74 15.32942
38 75 72.16685
38 76 41.45316
38 77 62.01993
38 78 21.48118
38 79 61.87868
38 80 22.22588
38 81 88.08826
38 82 20.37375
38 83 84.12012
38 84 100.37152
38 85 85.31807
38 86 84.96334
38 87 58.37631
38 88 59.35057
38 89 76.66607
38 90 77.54990
38 91 65.73843
38 92 90.82151
38 93 59.24144
38 94 61.68099
38 95 85.22852
38 96 60.03622
38 97 97.09077
38 98 83.59145
38 99 57.26720
39 40 111.19791
39 41 106.64394
39 42 91.14310
39 43 70.89266
39 44 84.92278
39 45 90.27230
39 46 46.04239
39 47 70.84326
39 48 82.94505
39 49 53.10147
39 50 96.96841
39 51 103.56776
39 52 84.04198
39 53 115.42268
39 54 72.06501
39 55 87.98748
39 56 114.21404
39 57 112.57861
39 58 87.66677
39 59 127.78451
39 60 90.39997
39 61 78.61974
39 62 128.17172
39 63 89.87849
39 64 105.35937
39 65 99.96742
39 66 56.06815
39 67 89.72094
39 68 87.08311
39 69 95.48868
39 70 111.96622
39 71 33.93152
39 72 81.01884
39 73 98.14519
39 74 116.18714
39 75 111.97108
39 76 124.05091
39 77 94.57776
39 78 121.62331
39 79 67.16472
39 80 120.10847
39 81 66.88703
39 82 125.63741
39 83 109.64743
39 84 147.20103
39 85 71.40427
39 86 98.58156
39 87 95.34942
39 88 76.67371
39 89 92.87712
39 90 55.67742
39 91 58.63292
39 92 69.62639
39 93 99.21242
39 94 91.47482
39 95 84.81866
39 96 86.16550
39 97 79.63571
39 98 83.43927
39 99 120.09693
40 41 90.64228
40 42 40.09628
40 43 72.46805
40 44 104.15874
40 45 67.83127
40 46 75.13881
40 47 65.85042
40 48 53.27217
40 49 109.32103
40 50 62.12888
40 51 104.08127
40 52 88.23845
40 53 78.48288
40 54 95.42693
40 55 92.55856
40 56 63.12893
40 57 110.29462
40 58 99.27401
40 59 113.96080
40 60 101.24644
40 61 85.14685
40 62 68.49284
40 63 103.26115
40 64 39.70128
40 65 99.48277
40 66 110.26846
40 67 57.25137
40 68 126.34595
40 69 75.17345
40 70 59.90075
40 71 102.87672
40 72 98.87270
40 73 85.07846
40 74 58.36579
40 75 57.83038
40 76 87.95684
40 77 37.94489
40 78 77.51350
40 79 67.55816
40 80 69.19476
40 81 57.61313
40 82 60.24053
40 83 43.31528
40 84 79.31094
40 85 75.20211
40 86 76.71041
40 87 59.17728
40 88 50.77875
40 89 87.15396
40 90 80.94159
40 91 84.69827
40 92 93.00500
40 93 64.63555
40 94 92.96467
40 95 45.13870
40 96 44.24487
40 97 96.99586
40 98 80.47312
40 99 44.88602
41 42 77.66005
41 43 70.40060
41 44 85.95256
41 45 31.66874
41 46 85.42616
41 47 104.37286
41 48 115.95319
41 49 65.49966
41 50 39.81532
41 51 42.67516
41 52 64.09158
41 53 34.29386
41 54 120.46399
41 55 28.23112
41 56 52.84076
41 57 74.70316
41 58 106.93899
41 59 82.25689
41 60 39.64387
41 61 33.62317
41 62 49.49396
41 63 30.70070
41 64 56.88404
41 65 15.77765
41 66 89.29380
41 67 49.85439
41 68 73.24382
41 69 54.79430
41 70 60.53378
41 71 102.86934
41 72 98.66183
41 73 100.53462
41 74 64.82533
41 75 86.13694
41 76 26.61048
41 77 97.16051
41 78 41.96852
41 79 82.42767
41 80 73.38516
41 81 84.72980
41 82 54.50728
41 83 100.80515
41 84 101.25231
41 85 60.92574
41 86 56.28323
41 87 70.11901
41 88 57.66827
41 89 97.17941
41 90 86.70261
41 91 73.32154
41 92 106.20387
41 93 49.32857
41 94 75.92193
41 95 110.45766
41 96 58.75078
41 97 59.91997
41 98 84.91370
41 99 106.43517
42 43 54.47229
42 44 98.87648
42 45 54.53394
42 46 56.60270
42 47 69.49408
42 48 47.72433
42 49 84.50632
42 50 40.31340
42 51 99.54570
42 52 69.55595
42 53 78.56214
42 54 102.85030
42 55 80.94675
42 56 75.02570
42 57 111.87165
42 58 109.43130
42 59 125.78205
42 60 75.36388
42 61 60.66222
42 62 66.24619
42 63 89.47361
42 64 49.71542
42 65 81.55266
42 66 89.28205
42 67 29.60625
42 68 107.59313
42 69 74.41723
42 70 62.27321
42 71 91.21526
42 72 106.90108
42 73 97.07296
42 74 70.28403
42 75 74.74593
42 76 84.19218
42 77 52.49994
42 78 82.27460
42 79 64.58839
42 80 87.90128
42 81 33.73668
42 82 74.20825
42 83 60.91982
42 84 89.25212
42 85 45.39989
42 86 45.95383
42 87 42.80602
42 88 26.06634
42 89 101.29807
42 90 80.87142
42 91 79.35259
42 92 99.73004
42 93 62.62496
42 94 86.04724
42 95 57.57124
42 96 19.95864
42 97 72.31112
42 98 54.97449
42 99 74.84531
43 44 106.08850
43 45 62.87022
43 46 29.20008
43 47 83.68928
43 48 72.27933
43 49 68.89643
43 50 57.64595
43 51 90.88170
43 52 87.83404
43 53 65.22081
43 54 97.20167
43 55 70.36381
43 56 82.00615
43 57 114.83414
43 58 103.44028
43 59 111.06728
43 60 76.12664
43 61 48.32286
43 62 91.27311
43 63 64.67747
43 64 55.84535
43 65 67.19334
43 66 92.64407
43 67 46.82291
43 68 105.91535
43 69 85.51983
43 70 47.75437
43 71 82.97125
43 72 90.98532
43 73 107.21316
43 74 58.48695
43 75 99.57242
43 76 75.80868
43 77 53.03591
43 78 71.37495
43 79 30.80423
43 80 75.25625
43 81 62.15663
43 82 78.89475
43 83 97.36535
43 84 129.68745
43 85 62.61572
43 86 72.33515
43 87 28.63475
43 88 36.05120
43 89 94.16661
43 90 66.11749
43 91 44.70475
43 92 86.54585
43 93 79.97945
43 94 36.51017
43 95 73.66162
43 96 48.76172
43 97 83.41531
43 98 26.72547
43 99 76.18159
44 45 65.66846
44 46 94.33589
44 47 63.86084
44 48 107.80426
44 49 66.39848
44 50 86.22250
44 51 59.15874
44 52 45.02919
44 53 100.10713
44 54 72.84440
44 55 61.74181
44 56 74.86896
44 57 39.52066
44 58 57.40567
44 59 86.58369
44 60 76.10374
44 61 81.88167
44 62 90.32266
44 63 82.18845
44 64 94.04267
44 65 88.83087
44 66 45.39278
44 67 91.22141
44 68 48.38470
44 69 41.38163
44 70 116.00196
44 71 56.76437
44 72 65.82704
44 73 45.08006
44 74 112.26152
44 75 62.21290
44 76 103.36942
44 77 111.73235
44 78 102.87016
44 79 98.13094
44 80 105.43875
44 81 76.20187
44 82 98.15090
44 83 79.03954
44 84 90.79385
44 85 69.10863
44 86 89.22681
44 87 117.60022
44 88 85.87074
44 89 64.90281
44 90 61.45362
44 91 81.06770
44 92 68.93389
44 93 54.63492
44 94 121.52078
44 95 95.73776
44 96 85.06353
44 97 56.13219
44 98 125.63953
44 99 123.46413
45 46 69.31643
45 47 75.69877
45 48 89.38541
45 49 57.54918
45 50 23.88783
45 51 46.92306
45 52 40.31806
45 53 46.84473
45 54 98.25516
45 55 30.18423
45 56 41.88247
45 57 65.53226
45 58 88.71185
45 59 84.86251
45 60 38.39604
45 61 31.71692
45 62 39.87096
45 63 46.41309
45 64 44.01929
45 65 39.15199
45 66 69.37151
45 67 33.24756
45 68 66.26382
45 69 33.11130
45 70 60.46935
45 71 81.75481
45 72 84.72393
45 73 77.14741
45 74 63.15831
45 75 60.57568
45 76 47.59252
45 77 78.87456
45 78 52.19371
45 79 69.97065
45 80 70.91236
45 81 56.19371
45 82 51.39358
45 83 71.38696
45 84 79.45477
45 85 37.20105
45 86 40.18330
45 87 62.91578
45 88 37.15142
45 89 80.66096
45 90 67.94528
45 91 64.34369
45 92 87.82138
45 93 24.01695
45 94 80.10033
45 95 84.03931
45 96 34.90482
45 97 42.53194
45 98 78.14573
45 99 91.68481
46 47 64.40210
46 48 57.03681
46 49 62.13987
46 50 68.72797
46 51 95.81363
46 52 81.72868
46 53 84.89205
46 54 76.99786
46 55 76.48610
46 56 89.75769
46 57 112.19775
46 58 90.20273
46 59 116.17767
46 60 81.46063
46 61 58.67297
46 62 102.14302
46 63 76.22636
46 64 68.91206
46 65 81.91646
46 66 76.36803
46 67 57.71461
46 68 99.97018
46 69 84.21048
46 70 71.01687
46 71 59.33749
46 72 80.42168
46 73 95.58000
46 74 77.52713
46 75 95.28249
46 76 95.76788
46 77 54.23466
46 78 90.46416
46 79 30.11017
46 80 88.14525
46 81 48.58861
46 82 93.50298
46 83 89.74462
46 84 129.44789
46 85 58.32241
46 86 77.83015
46 87 51.54005
46 88 41.98788
46 89 85.64834
46 90 50.97825
46 91 40.93102
46 92 70.52245
46 93 81.72165
46 94 57.83740
46 95 59.62218
46 96 53.78185
46 97 79.02310
46 98 43.64150
46 99 81.84552
47 48 52.53434
47 49 85.78012
47 50 84.84431
47 51 95.93922
47 52 70.93934
47 53 103.94635
47 54 40.81531
47 55 87.75469
47 56 79.58072
47 57 88.88462
47 58 55.13021
47 59 107.55733
47 60 99.98122
47 61 89.74740
47 62 98.56268
47 63 102.52979
47 64 76.84286
47 65 108.24969
47 66 69.50584
47 67 80.75074
47 68 98.50294
47 69 65.18787
47 70 98.78626
47 71 48.93739
47 72 62.38715
47 73 46.45838
47 74 95.36720
47 75 54.58170
47 76 114.24809
47 77 65.76467
47 78 105.45241
47 79 67.15323
47 80 93.17245
47 81 46.29021
47 82 94.67167
47 83 46.47069
47 84 94.62016
47 85 69.42965
47 86 91.58436
47 87 92.80045
47 88 66.84142
47 89 56.96538
47 90 43.07801
47 91 68.80412
47 92 48.36395
47 93 67.61624
47 94 106.02734
47 95 36.28500
47 96 66.87907
47 97 81.85815
47 98 99.75118
47 99 81.77973
48 49 102.90897
48 50 83.88326
48 51 125.99435
48 52 93.52631
48 53 112.39346
48 54 82.95213
48 55 110.01096
48 56 101.01524
48 57 130.10570
48 58 102.79333
48 59 141.98149
48 60 110.79452
48 61 94.88403
48 62 106.52364
48 63 118.91267
48 64 78.52945
48 65 118.49980
48 66 97.10269
48 67 73.03162
48 68 128.62337
48 69 96.81331
48 70 91.82011
48 71 82.12463
48 72 103.16854
48 73 95.40276
48 74 95.09680
48 75 85.45422
48 76 122.59123
48 77 48.56717
48 78 114.78623
48 79 66.53001
48 80 105.53464
48 81 41.84435
48 82 104.64469
48 83 62.35794
48 84 111.16486
48 85 74.07281
48 86 87.83279
48 87 72.44673
48 88 59.89453
48 89 98.75178
48 90 76.68941
48 91 85.46361
48 92 88.08591
48 93 90.74335
48 94 102.50259
48 95 30.03798
48 96 60.19791
48 97 99.11689
48 98 74.55864
48 99 74.15967
49 50 67.70902
49 51 65.72164
49 52 52.13753
49 53 87.02451
49 54 96.26748
49 55 47.88380
49 56 91.02600
49 57 83.38877
49 58 93.94035
49 59 107.37875
49 60 42.45473
49 61 41.58982
49 62 95.71685
49 63 50.80760
49 64 90.51717
49 65 56.32207
49 66 39.79097
49 67 67.43711
49 68 44.21204
49 69 68.73850
49 70 97.40333
49 71 56.79932
49 72 86.90792
49 73 95.74490
49 74 103.04094
49 75 100.65116
49 76 89.07744
49 77 104.85860
49 78 94.89732
49 79 77.49392
49 80 108.58584
49 81 67.87035
49 82 103.02493
49 83 107.67742
49 84 125.87074
49 85 46.42947
49 86 67.53667
49 87 87.25024
49 88 63.78742
49 89 95.26049
49 90 66.45126
49 91 60.85959
49 92 86.65588
49 93 71.84850
49 94 86.60404
49 95 103.20531
49 96 70.93771
49 97 40.10314
49 98 82.93226
49 99 126.33291
50 51 69.02466
50 52 52.48037
50 53 51.85840
50 54 112.20275
50 55 50.08725
50 56 56.13379
50 57 88.86218
50 58 107.68634
50 59 104.82947
50 60 43.17442
50 61 32.94824
50 62 39.22377
50 63 59.13277
50 64 43.45765
50 65 45.38907
50 66 81.71310
50 67 14.58256
50 68 83.22781
50 69 54.76006
50 70 54.58717
50 71 94.57140
50 72 103.08453
50 73 95.35825
50 74 62.72996
50 75 73.06096
50 76 51.15279
50 77 75.36014
50 78 57.69342
50 79 72.56155
50 80 78.70932
50 81 53.79418
50 82 56.41052
50 83 75.47940
50 84 83.63964
50 85 36.17978
50 86 25.70238
50 87 49.22458
50 88 28.89765
50 89 98.66032
50 90 82.27426
50 91 75.00893
50 92 103.30591
50 93 41.90194
50 94 79.97239
50 95 85.08236
50 96 23.92273
50 97 51.55330
50 98 65.21205
50 99 90.71076
51 52 62.27245
51 53 56.01444
51 54 101.85841
51 55 24.01962
51 56 50.16001
51 57 37.56869
51 58 79.53781
51 59 53.00200
51 60 58.29521
51 61 59.02352
51 62 68.91896
51 63 39.04166
51 64 73.46227
51 65 47.61762
51 66 79.19804
51 67 78.17937
51 68 56.48353
51 69 39.86584
51 70 85.63888
51 71 89.18510
51 72 73.72989
51 73 76.25526
51 74 81.94368
51 75 76.17461
51 76 55.59904
51 77 108.86748
51 78 59.22675
51 79 89.81396
51 80 75.65340
51 81 94.21917
51 82 66.35343
51 83 99.91450
51 84 101.36676
51 85 75.03073
51 86 82.77579
51 87 98.96266
51 88 78.54548
51 89 73.43848
51 90 73.29155
51 91 70.18294
51 92 86.67686
51 93 47.85520
51 94 92.37029
51 95 112.93987
51 96 79.82457
51 97 63.88881
51 98 112.32070
51 99 114.80501
52 53 86.32903
52 54 96.79026
52 55 51.17774
52 56 70.79089
52 57 63.25637
52 58 89.82731
52 59 105.60502
52 60 42.35775
52 61 54.29255
52 62 63.96650
52 63 71.13373
52 64 78.83974
52 65 66.14774
52 66 41.00092
52 67 58.45265
52 68 45.11703
52 69 39.99312
52 70 98.55277
52 71 69.75589
52 72 92.58447
52 73 73.39396
52 74 100.91554
52 75 65.77010
52 76 85.45364
52 77 101.89970
52 78 91.34668
52 79 92.57230
52 80 105.17223
52 81 52.98335
52 82 87.32830
52 83 73.00123
52 84 77.54247
52 85 32.17451
52 86 46.76684
52 87 92.84855
52 88 59.80429
52 89 90.23692
52 90 74.82697
52 91 83.26390
52 92 92.24271
52 93 39.79470
52 94 111.34420
52 95 92.15872
52 96 56.31038
52 97 18.20311
52 98 100.17129
52 99 118.82202
53 54 116.09336
53 55 47.98492
53 56 42.01329
53 57 85.19563
53 58 102.81970
53 59 70.73279
53 60 70.94046
53 61 53.70511
53 62 55.97831
53 63 45.91372
53 64 38.97063
53 65 44.21028
53 66 109.72045
53 67 57.31097
53 68 100.31136
53 69 63.93072
53 70 35.99540
53 71 111.14480
53 72 92.07760
53 73 99.67924
53 74 34.95979
53 75 83.40256
53 76 17.42146
53 77 80.41674
53 78 9.58871
53 79 70.55404
53 80 43.48952
53 81 92.01830
53 82 31.71023
53 83 97.94333
53 84 106.00317
53 85 79.40324
53 86 76.25933
53 87 60.91021
53 88 60.05795
53 89 87.96093
53 90 83.95341
53 91 67.46709
53 92 100.41713
53 93 57.86557
53 94 60.30562
53 95 101.81960
53 96 61.94276
53 97 86.38194
53 98 82.58110
53 99 81.95860
54 55 98.79496
54 56 94.73030
54 57 93.48918
54 58 33.39029
54 59 99.12701
54 60 120.61842
54 61 108.05155
54 62 125.71780
54 63 109.41252
54 64 97.01498
54 65 122.68140
54 66 84.27631
54 67 108.55302
54 68 108.92367
54 69 83.23287
54 70 114.08443
54 71 47.88224
54 72 39.12805
54 73 50.60721
54 74 107.52308
54 75 78.35419
54 76 128.81708
54 77 82.89243
54 78 116.95664
54 79 72.16287
54 80 97.41424
54 81 81.17888
54 82 110.84525
54 83 81.01331
54 84 125.80103
54 85 98.15952
54 86 122.80104
54 87 113.57877
54 88 93.01105
54 89 42.35041
54 90 36.42986
54 91 65.45341
54 92 20.52139
54 93 91.16052
54 94 108.34391
54 95 61.45478
54 96 96.98595
54 97 105.33323
54 98 118.18946
54 99 93.22185
55 56 51.07118
55 57 54.51997
55 58 83.76773
55 59 69.51477
55 60 39.26632
55 61 35.14106
55 62 62.23513
55 63 23.74875
55 64 62.30296
55 65 29.49254
55 66 68.18693
55 67 57.57219
55 68 52.75937
55 69 39.57568
55 70 72.05272
55 71 79.53510
55 72 76.13985
55 73 80.54510
55 74 72.77710
55 75 76.48873
55 76 48.36563
55 77 95.36477
55 78 54.28749
55 79 74.76979
55 80 73.98308
55 81 76.87552
55 82 63.25594
55 83 93.80920
55 84 101.20666
55 85 55.13611
55 86 63.58276
55 87 79.09486
55 88 58.29907
55 89 77.37225
55 90 65.91322
55 91 57.97164
55 92 84.37901
55 93 42.17501
55 94 77.23507
55 95 101.39963
55 96 61.28585
55 97 48.68627
55 98 90.05352
55 99 106.50479
56 57 59.40082
56 58 77.42278
56 59 58.82433
56 60 77.72289
56 61 68.22540
56 62 44.47076
56 63 65.56236
56 64 36.32357
56 65 66.09540
56 66 97.95054
56 67 63.54156
56 68 92.88870
56 69 35.84848
56 70 58.84412
56 71 98.44519
56 72 74.77161
56 73 64.81647
56 74 49.57637
56 75 44.25836
56 76 48.63425
56 77 76.49235
56 78 38.92806
56 79 76.20130
56 80 43.33868
56 81 80.52630
56 82 24.75162
56 83 66.01066
56 84 72.80649
56 85 75.15250
56 86 77.23860
56 87 78.77217
56 88 62.58833
56 89 63.12066
56 90 71.13079
56 91 71.88648
56 92 82.84823
56 93 31.88539
56 94 87.15667
56 95 84.28598
56 96 58.92904
56 97 79.60841
56 98 101.61461
56 99 74.45731
57 58 66.44725
57 59 58.62724
57 60 80.62256
57 61 86.24626
57 62 80.52740
57 63 74.44564
57 64 90.09254
57 65 81.45754
57 66 78.24175
57 67 97.92564
57 68 60.25865
57 69 37.81158
57 70 110.42606
57 71 87.90911
57 72 70.72250
57 73 55.35084
57 74 103.51003
57 75 63.80718
57 76 86.15192
57 77 120.28820
57 78 85.84926
57 79 107.24634
57 80 91.86069
57 81 99.60033
57 82 82.70728
57 83 91.35542
57 84 89.00027
57 85 87.06456
57 86 98.43490
57 87 122.60320
57 88 96.12816
57 89 66.04781
57 90 77.01715
57 91 88.33511
57 92 83.23843
57 93 52.14491
57 94 120.98271
57 95 113.71665
57 96 94.42956
57 97 72.76688
57 98 136.65186
57 99 124.12256
58 59 70.51009
58 60 112.58146
58 61 103.29707
58 62 113.35680
58 63 96.53976
58 64 91.41402
58 65 111.08208
58 66 84.55992
58 67 108.20329
58 68 96.19911
58 69 66.36805
58 70 110.33379
58 71 59.55107
58 72 21.07445
58 73 32.77954
58 74 100.95189
58 75 66.71574
58 76 114.06151
58 77 93.32372
58 78 102.59034
58 79 80.36922
58 80 85.13880
58 81 91.14373
58 82 97.01739
58 83 82.10572
58 84 114.86678
58 85 99.06911
58 86 120.79118
58 87 117.98428
58 88 95.78880
58 89 19.70897
58 90 39.65866
58 91 65.76598
58 92 25.84325
58 93 77.95036
58 94 108.83701
58 95 78.87228
58 96 98.33938
58 97 99.70643
58 98 127.63828
58 99 97.40214
59 60 108.27676
59 61 99.61906
59 62 98.13190
59 63 75.32137
59 64 84.79611
59 65 89.71009
59 66 117.54610
59 67 111.15256
59 68 103.42551
59 69 69.58656
59 70 95.04543
59 71 109.68963
59 72 62.59737
59 73 77.28634
59 74 82.62991
59 75 84.80580
59 76 78.24258
59 77 112.60809
59 78 67.47234
59 79 97.33863
59 80 60.74049
59 81 122.99508
59 82 71.20275
59 83 111.94009
59 84 120.86617
59 85 115.66481
59 86 124.97699
59 87 119.00864
59 88 106.56618
59 89 58.73999
59 90 80.47010
59 91 79.73669
59 92 81.85413
59 93 78.39048
59 94 99.87499
59 95 119.54729
59 96 108.47526
59 97 111.52099
59 98 136.29530
59 99 106.24249
60 61 28.73417
60 62 64.87863
60 63 47.01619
60 64 79.11373
60 65 33.77647
60 66 62.81633
60 67 50.35315
60 68 49.92399
60 69 60.33973
60 70 86.85990
60 71 89.39356
60 72 107.57353
60 73 104.11555
60 74 94.16571
60 75 94.07123
60 76 65.48812
60 77 108.73613
60 78 78.91764
60 79 91.90620
60 80 104.17872
60 81 71.84558
60 82 85.76910
60 83 102.79330
60 84 104.25653
60 85 39.04775
60 86 39.63221
60 87 80.83765
60 88 58.35635
60 89 108.99120
60 90 89.11520
60 91 81.65636
60 92 110.43430
60 93 56.52041
60 94 94.27295
60 95 112.46466
60 96 59.47504
60 97 28.83494
60 98 85.40421
60 99 126.27605
61 62 65.07674
61 63 35.11602
61 64 59.86408
61 65 26.97308
61 66 69.45206
61 67 34.23212
61 68 67.12057
61 69 60.29680
61 70 62.56580
61 71 81.97844
61 72 94.56908
61 73 99.58205
61 74 71.42372
61 75 89.59794
61 76 54.09600
61 77 85.36771
61 78 62.44944
61 79 65.98048
61 80 84.14890
61 81 62.27577
61 82 71.91270
61 83 96.05630
61 84 109.30470
61 85 37.62974
61 86 42.70221
61 87 55.36734
61 88 38.00688
61 89 96.68909
61 90 73.60526
61 91 59.35600
61 92 96.20753
61 93 55.04151
61 94 66.32066
61 95 95.39330
61 96 44.19130
61 97 45.12531
61 98 60.57711
61 99 103.74200
62 63 76.90871
62 64 50.93649
62 65 63.15755
62 66 102.27271
62 67 51.68560
62 68 94.78938
62 69 51.93941
62 70 69.23786
62 71 117.19048
62 72 112.66106
62 73 93.84182
62 74 69.83029
62 75 62.69961
62 76 50.38135
62 77 93.66364
62 78 56.65175
62 79 98.71679
62 80 78.70528
62 81 79.63508
62 82 45.20526
62 83 73.39368
62 84 58.05183
62 85 65.86219
62 86 51.73803
62 87 78.97919
62 88 62.25018
62 89 102.59003
62 90 100.50363
62 91 98.87056
62 92 117.00649
62 93 37.84187
62 94 105.73954
62 95 101.12154
62 96 52.83221
62 97 70.34753
62 98 101.18330
62 99 97.87907
63 64 69.18557
63 65 23.30215
63 66 81.81219
63 67 63.83726
63 68 66.35338
63 69 62.23328
63 70 68.97850
63 71 89.04453
63 72 84.29681
63 73 99.31300
63 74 72.23820
63 75 96.55502
63 76 46.87922
63 77 99.41854
63 78 53.91628
63 79 73.11893
63 80 76.04549
63 81 89.02949
63 82 71.01871
63 83 111.98158
63 84 122.35062
63 85 67.27792
63 86 73.91670
63 87 76.13146
63 88 64.49023
63 89 88.97095
63 90 73.98600
63 91 55.78053
63 92 92.90489
63 93 63.29138
63 94 63.66094
63 95 111.72839
63 96 70.88202
63 97 64.28414
63 98 83.89125
63 99 110.98368
64 65 66.71323
64 66 102.76568
64 67 43.20960
64 68 107.33379
64 69 57.84246
64 70 29.36377
64 71 98.62858
64 72 85.05634
64 73 83.00804
64 74 26.18358
64 75 60.15115
64 76 50.35334
64 77 47.74930
64 78 38.44395
64 79 54.89457
64 80 40.20589
64 81 66.42435
64 82 27.99412
64 83 65.16563
64 84 86.58965
64 85 67.58046
64 86 67.54102
64 87 45.59500
64 88 39.93771
64 89 76.33720
64 90 70.78120
64 91 63.81442
64 92 86.49407
64 93 47.91726
64 94 66.17907
64 95 67.35272
64 96 38.10125
64 97 83.90687
64 98 71.39017
64 99 51.46439
65 66 85.53279
65 67 52.73247
65 68 69.10548
65 69 63.50438
65 70 66.64427
65 71 100.13370
65 72 101.36247
65 73 107.66505
65 74 73.18661
65 75 97.03392
65 76 38.32283
65 77 101.94836
65 78 53.04868
65 79 82.27661
65 80 82.80410
65 81 86.21626
65 82 68.18871
65 83 110.07195
65 84 113.64993
65 85 60.00665
65 86 57.92974
65 87 71.07755
65 88 59.68659
65 89 102.88969
65 90 87.59428
65 91 71.33432
65 92 108.14028
65 93 59.66831
65 94 72.75011
65 95 115.15782
65 96 63.37323
65 97 57.88583
65 98 80.70296
65 99 114.31068
66 67 82.10733
66 68 42.46627
66 69 66.15675
66 70 118.70263
66 71 42.70100
66 72 86.55149
66 73 79.57419
66 74 121.34496
66 75 89.72699
66 76 112.29604
66 77 112.20630
66 78 115.66866
66 79 93.44058
66 80 123.27575
66 81 61.29703
66 82 115.65091
66 83 93.87531
66 84 112.75018
66 85 50.14891
66 86 75.99553
66 87 107.94784
66 88 76.63652
66 89 91.91507
66 90 67.36768
66 91 79.34520
66 92 82.27341
66 93 72.02605
66 94 115.78946
66 95 96.97038
66 96 79.16504
66 97 39.33552
66 98 105.97584
66 99 133.50569
67 68 89.71656
67 69 62.72355
67 70 51.38708
67 71 90.77353
67 72 102.73743
67 73 98.01232
67 74 61.58708
67 75 77.42654
67 76 59.74364
67 77 66.04067
67 78 63.29799
67 79 63.88243
67 80 79.85952
67 81 46.25574
67 82 62.37346
67 83 75.23972
67 84 91.63986
67 85 34.73105
67 86 29.50710
67 87 37.92186
67 88 17.77641
67 89 99.32195
67 90 78.98473
67 91 70.50581
67 92 100.52531
67 93 50.78439
67 94 73.64135
67 95 77.09778
67 96 15.88955
67 97 56.65405
67 98 52.07165
67 99 85.00155
68 69 62.07050
68 70 121.16106
68 71 74.77466
68 72 95.74635
68 73 90.70602
68 74 122.91631
68 75 97.65329
68 76 97.87124
68 77 131.80264
68 78 106.38645
68 79 110.07000
68 80 122.67000
68 81 89.25038
68 82 110.85323
68 83 112.30803
68 84 114.41068
68 85 64.87420
68 86 80.05927
68 87 118.79352
68 88 90.21165
68 89 100.58464
68 90 85.74152
68 91 90.03481
68 92 100.61118
68 93 69.95094
68 94 120.39737
68 95 124.56844
68 96 91.75634
68 97 39.32358
68 98 121.43228
68 99 147.92325
69 70 81.32980
69 71 75.24513
69 72 68.49948
69 73 49.31535
69 74 77.03120
69 75 39.73307
69 76 66.74557
69 77 88.46307
69 78 65.60196
69 79 81.19330
69 80 73.11943
69 81 65.95606
69 82 58.16595
69 83 61.57857
69 84 68.02346
69 85 55.89754
69 86 66.17255
69 87 89.17198
69 88 60.90999
69 89 60.89234
69 90 60.84246
69 91 70.19872
69 92 74.28091
69 93 15.87896
69 94 99.04862
69 95 83.73093
69 96 57.43829
69 97 51.86654
69 98 104.80626
69 99 96.09384
70 71 112.98169
70 72 99.18482
70 73 108.17140
70 74 17.76607
70 75 89.18472
70 76 48.46014
70 77 54.25141
70 78 37.19241
70 79 54.51160
70 80 44.38625
70 81 83.50536
70 82 42.69866
70 83 92.91741
70 84 113.65275
70 85 81.50272
70 86 78.74432
70 87 34.20964
70 88 49.84827
70 89 94.56187
70 90 84.60018
70 91 66.60529
70 92 101.22966
70 93 72.28020
70 94 47.60994
70 95 84.62114
70 96 53.31815
70 97 98.88109
70 98 60.14437
70 99 58.02184
71 72 59.29297
71 73 67.81220
71 74 112.80119
71 75 88.35958
71 76 119.84424
71 77 93.17982
71 78 115.66794
71 79 71.46557
71 80 110.78250
71 81 62.43768
71 82 115.10305
71 83 90.11984
71 84 126.42571
71 85 69.13305
71 86 97.78152
71 87 103.61046
71 88 77.64615
71 89 68.83920
71 90 38.59502
71 91 58.34465
71 92 48.06750
71 93 82.58422
71 94 101.93144
71 95 75.32275
71 96 83.59191
71 97 72.06174
71 98 100.66000
71 99 113.82981
72 73 48.88086
72 74 90.31493
72 75 75.43863
72 76 104.61052
72 77 86.93093
72 78 92.39249
72 79 67.26728
72 80 74.70758
72 81 91.68955
72 82 91.34640
72 83 90.64616
72 84 124.19430
72 85 97.20125
72 86 118.54338
72 87 107.90672
72 88 89.80770
72 89 20.37499
72 90 31.16343
72 91 49.60577
72 92 20.79991
72 93 78.99301
72 94 91.50790
72 95 80.13850
72 96 94.73169
72 97 99.35907
72 98 116.51787
72 99 91.60869
73 74 99.18031
73 75 39.29297
73 76 108.17293
73 77 92.00428
73 78 98.89471
73 79 89.13654
73 80 86.38126
73 81 79.69783
73 82 86.97072
73 83 57.41535
73 84 84.18363
73 85 87.77409
73 86 105.89381
73 87 115.32156
73 88 88.56416
73 89 35.88209
73 90 53.19309
73 91 79.51718
73 92 50.05893
73 93 59.56463
73 94 119.26678
73 95 73.16916
73 96 86.64597
73 97 87.79324
73 98 128.64702
73 99 95.60527
74 75 81.17131
74 76 50.10058
74 77 53.64980
74 78 32.08811
74 79 56.12154
74 80 27.42091
74 81 88.28202
74 82 33.07664
74 83 88.28340
74 84 109.46519
74 85 88.46509
74 86 87.99591
74 87 49.24278
74 88 58.07220
74 89 83.60165
74 90 80.50212
74 91 65.87003
74 92 94.14367
74 93 69.68434
74 94 54.02091
74 95 82.33040
74 96 60.23193
74 97 103.75784
74 98 74.75903
74 99 49.51214
75 76 89.67020
75 77 79.30496
75 78 81.55750
75 79 88.39325
75 80 74.83671
75 81 69.03173
75 82 62.59631
75 83 31.19235
75 84 50.47000
75 85 76.25090
75 86 84.65057
75 87 97.73254
75 88 72.56116
75 89 59.34088
75 90 69.96960
75 91 87.14704
75 92 76.12812
75 93 39.18767
75 94 115.18195
75 95 67.12729
75 96 65.53284
75 97 81.63523
75 98 116.82874
75 99 80.47031
76 77 94.50291
76 78 22.03438
76 79 85.24133
76 80 59.22247
76 81 98.27719
76 82 39.52542
76 83 105.06835
76 84 104.74864
76 85 80.67455
76 86 72.80907
76 87 69.51447
76 88 66.92337
76 89 100.42751
76 90 96.25996
76 91 80.69238
76 92 113.53979
76 93 59.70653
76 94 73.28088
76 95 114.22602
76 96 67.10918
76 97 84.25163
76 98 90.18010
76 99 96.90973
77 78 80.63130
77 79 39.58222
77 80 64.01045
77 81 63.61640
77 82 72.68606
77 83 69.01837
77 84 113.28226
77 85 83.46847
77 86 92.39838
77 87 49.57275
77 88 52.37254
77 89 80.93672
77 90 67.27366
77 91 64.57791
77 92 78.43913
77 93 82.01846
77 94 69.01337
77 95 37.39415
77 96 55.59352
77 97 106.84000
77 98 64.14845
77 99 30.74194
78 79 73.85757
78 80 37.47330
78 81 96.41933
78 82 25.54085
78 83 97.08970
78 84 104.36322
78 85 85.86209
78 86 82.49641
78 87 65.68049
78 88 65.46190
78 89 86.66132
78 90 86.50806
78 91 71.71255
78 92 101.37528
78 93 59.68005
78 94 64.99377
78 95 102.40604
78 96 66.33913
78 97 92.93321
78 98 88.95634
78 99 78.61749
79 80 62.86766
79 81 64.70628
79 82 77.07461
79 83 87.68813
79 84 127.98150
79 85 74.32307
79 86 89.84222
79 87 49.15550
79 88 48.15979
79 89 70.41058
79 90 45.13838
79 91 28.80839
79 92 61.11164
79 93 79.29259
79 94 41.62228
79 95 56.85225
79 96 58.67852
79 97 92.90784
79 98 53.76693
79 99 59.69238
80 81 98.53983
80 82 35.31655
80 83 88.82526
80 84 110.12189
80 85 99.81647
80 86 103.80098
80 87 73.30376
80 88 74.02943
80 89 66.12453
80 90 74.45147
80 91 65.10947
80 92 82.58371
80 93 70.59689
80 94 65.62412
80 95 85.69164
80 96 75.87634
80 97 110.53996
80 98 96.29980
80 99 52.40923
81 82 89.21138
81 83 55.80931
81 84 91.03111
81 85 33.62078
81 86 52.84655
81 87 65.64503
81 88 36.31348
81 89 88.85449
81 90 63.52170
81 91 71.69807
81 92 81.55524
81 93 60.06261
81 94 95.01669
81 95 50.47275
81 96 35.26014
81 97 57.48238
81 98 68.90372
81 99 88.54993
82 83 77.42779
82 84 83.68980
82 85 84.37380
82 86 80.48759
82 87 69.07971
82 88 63.79729
82 89 80.51524
82 90 85.49348
82 91 79.03139
82 92 98.35596
82 93 49.94204
82 94 80.28800
82 95 90.29257
82 96 60.40625
82 97 93.44879
82 98 95.41223
82 99 66.86219
83 84 55.39877
83 85 74.47767
83 86 82.76251
83 87 92.66476
83 88 68.74428
83 89 76.40564
83 90 76.91505
83 91 94.56601
83 92 84.20442
83 93 56.29830
83 94 119.85677
83 95 49.39546
83 96 60.40246
83 97 87.89494
83 98 109.33651
83 99 75.43259
84 85 91.10709
84 86 85.90128
84 87 119.63071
84 88 95.64930
84 89 108.99747
84 90 115.87479
84 91 129.00935
84 92 125.10751
84 93 60.69724
84 94 149.31125
84 95 103.25034
84 96 83.69858
84 97 93.00739
84 98 139.95869
84 99 114.47134
85 86 29.02876
85 87 66.75433
85 88 35.33442
85 89 96.50528
85 90 71.83177
85 91 72.42023
85 92 93.16199
85 93 49.61713
85 94 92.10076
85 95 79.72830
85 96 34.89286
85 97 28.41214
85 98 70.09136
85 99 105.69434
86 87 65.64317
86 88 42.87485
86 89 115.13534
86 90 95.33212
86 91 91.50080
86 92 116.68869
86 93 54.57972
86 94 99.65808
86 95 95.43689
86 96 37.11573
86 97 42.73254
86 98 73.90294
86 99 111.26720
87 88 34.35556
87 89 106.10153
87 90 84.53495
87 91 67.30406
87 92 104.23331
87 93 79.10670
87 94 50.77003
87 95 76.27443
87 96 41.26513
87 97 90.28666
87 98 28.72219
87 99 68.85770
88 89 87.29094
88 90 64.15549
88 91 57.03866
88 92 85.51701
88 93 51.57804
88 94 65.84370
88 95 62.04390
88 96 13.36263
88 97 59.64718
88 98 46.51291
88 99 74.50025
89 90 38.31505
89 91 58.52711
89 92 29.77459
89 93 70.34701
89 94 96.66127
89 95 72.97754
89 96 89.65046
89 97 99.97922
89 98 118.94831
89 99 81.30463
90 91 31.57990
90 92 23.18634
90 93 67.35982
90 94 76.80751
90 95 59.23561
90 96 70.57180
90 97 79.71733
90 98 89.74318
90 99 81.63474
91 92 49.28838
91 93 73.22660
91 94 47.00476
91 95 73.10735
91 96 67.39739
91 97 82.53452
91 98 70.73923
91 99 79.89514
92 93 82.85078
92 94 92.85088
92 95 65.95182
92 96 90.78703
92 97 99.20510
92 98 110.12126
92 99 87.40800
93 94 96.00632
93 95 80.36378
93 96 45.72556
93 97 50.94401
93 98 96.71181
93 99 90.17378
94 95 96.24893
94 96 76.97259
94 97 106.89127
94 98 54.47882
94 99 80.57111
95 96 62.38003
95 97 100.80441
95 98 85.12809
95 99 55.62346
96 97 58.80419
96 98 56.68294
96 99 75.11092
97 98 93.90569
97 99 125.99476
98 99 89.14548
