100 30
0 1 91.48454
0 2 96.11961
0 3 81.96268
0 4 126.05643
0 5 87.55038
0 6 52.27804
0 7 98.25208
0 8 108.88296
0 9 112.19103
0 10 99.48431
0 11 109.77226
0 12 98.37995
0 13 94.42147
0 14 127.44443
0 15 92.72992
0 16 55.58433
0 17 144.25877
0 18 84.13411
0 19 65.52948
0 20 108.03427
0 21 117.55566
0 22 122.25742
0 23 87.91045
0 24 113.43846
0 25 87.79062
0 26 75.26903
0 27 76.30763
0 28 85.76866
0 29 120.81931
0 30 99.20951
0 31 88.24671
0 32 71.46328
0 33 66.45998
0 34 78.68748
0 35 104.69947
0 36 127.30450
0 37 109.60643
0 38 66.70410
0 39 60.01727
0 40 108.60616
0 41 73.23177
0 42 134.32829
0 43 72.87801
0 44 149.35728
0 45 86.27720
0 46 118.78000
0 47 136.60966
0 48 100.58284
0 49 28.36032
0 50 76.68806
0 51 94.43058
0 52 37.34303
0 53 108.07089
0 54 53.24970
0 55 85.17836
0 56 141.68939
0 57 130.94658
0 58 125.42220
0 59 91.61592
0 60 83.20011
0 61 65.80622
0 62 81.29520
0 63 92.21349
0 64 75.66123
0 65 70.73349
0 66 106.96349
0 67 125.39014
0 68 56.07075
0 69 111.13245
0 70 76.49379
0 71 138.96686
0 72 118.40649
0 73 111.06488
0 74 145.23157
0 75 92.72828
0 76 90.69975
0 77 48.60257
0 78 93.34032
0 79 145.92722
0 80 84.30808
0 81 110.53706
0 82 81.61604
0 83 76.06258
0 84 86.57068
0 85 118.38315
0 86 100.56638
0 87 98.11829
0 88 90.23271
0 89 82.59160
0 90 139.90883
0 91 101.87321
0 92 113.69754
0 93 110.65309
0 94 117.54722
0 95 105.51443
0 96 113.53914
0 97 92.48982
0 98 102.17834
0 99 70.66959
1 2 110.65785
1 3 101.49793
1 4 93.66764
1 5 80.51226
1 6 57.71204
1 7 61.04242
1 8 37.59032
1 9 82.07162
1 10 60.81345
1 11 56.64662
1 12 85.95303
1 13 89.94533
1 14 95.27982
1 15 75.60381
1 16 82.27730
1 17 119.85358
1 18 80.71129
1 19 60.09404
1 20 75.62540
1 21 74.21375
1 22 65.75523
1 23 58.47987
1 24 103.89630
1 25 84.24744
1 26 77.07909
1 27 100.87843
1 28 63.98205
1 29 109.70609
1 30 87.76448
1 31 82.52300
1 32 37.35249
1 33 96.02715
1 34 47.89699
1 35 115.39399
1 36 93.34324
1 37 50.49919
1 38 98.08247
1 39 74.07632
1 40 60.38045
1 41 80.68437
1 42 66.33534
1 43 78.20627
1 44 97.90345
1 45 73.51309
1 46 55.35751
1 47 107.58666
1 48 56.93685
1 49 84.34251
1 50 97.19170
1 51 55.41504
1 52 83.18526
1 53 69.95183
1 54 73.64378
1 55 85.30956
1 56 100.33453
1 57 77.72781
1 58 60.17483
1 59 78.70975
1 60 73.17474
1 61 82.66346
1 62 52.69053
1 63 104.48892
1 64 86.88320
1 65 71.32510
1 66 86.52308
1 67 74.91545
1 68 74.41502
1 69 110.47773
1 70 69.68940
1 71 96.26393
1 72 95.93439
1 73 114.65485
1 74 68.17369
1 75 70.39133
1 76 104.10649
1 77 83.08211
1 78 82.68468
1 79 77.61123
1 80 89.40606
1 81 50.74314
1 82 91.82847
1 83 96.49619
1 84 62.41106
1 85 83.14197
1 86 69.06602
1 87 80.56934
1 88 84.26095
1 89 68.13621
1 90 66.90318
1 91 77.57863
1 92 56.87498
1 93 59.82689
1 94 71.25900
1 95 89.41777
1 96 76.84258
1 97 108.13752
1 98 86.13705
1 99 52.78860
2 3 104.50269
2 4 94.52888
2 5 109.87376
2 6 113.42711
2 7 118.79243
2 8 116.23190
2 9 120.69220
2 10 118.96711
2 11 99.14310
2 12 56.91218
2 13 134.89684
2 14 89.58810
2 15 93.97936
2 16 96.17590
2 17 110.61315
2 18 125.86378
2 19 70.84065
2 20 98.74053
2 21 82.29865
2 22 112.40244
2 23 112.87726
2 24 93.04284
2 25 108.75050
2 26 117.86034
2 27 34.71685
2 28 93.18449
2 29 91.37919
2 30 84.80606
2 31 98.75858
2 32 113.34071
2 33 66.13350
2 34 121.19854
2 35 74.30748
2 36 140.22276
2 37 103.29294
2 38 71.20131
2 39 55.36381
2 40 108.70841
2 41 123.40684
2 42 99.74516
2 43 102.33637
2 44 126.31646
2 45 56.72992
2 46 91.18539
2 47 101.27627
2 48 126.65977
2 49 101.51774
2 50 119.55973
2 51 105.84106
2 52 99.93539
2 53 109.15375
2 54 110.71531
2 55 88.93112
2 56 128.26309
2 57 119.84838
2 58 95.84268
2 59 130.29471
2 60 43.76923
2 61 120.94791
2 62 101.67918
2 63 102.26238
2 64 103.07962
2 65 126.68419
2 66 131.19165
2 67 116.67633
2 68 112.96291
2 69 140.90225
2 70 78.27126
2 71 122.19446
2 72 156.31944
2 73 102.22639
2 74 136.30646
2 75 116.46503
2 76 99.11060
2 77 68.56074
2 78 61.60455
2 79 120.89130
2 80 67.85117
2 81 115.59290
2 82 83.27948
2 83 68.25854
2 84 108.75465
2 85 103.43113
2 86 66.80775
2 87 85.86919
2 88 47.71542
2 89 79.31194
2 90 113.77177
2 91 77.35445
2 92 141.59096
2 93 137.14764
2 94 91.62516
2 95 64.16402
2 96 88.68707
2 97 118.08447
2 98 134.92001
2 99 116.42632
3 4 89.16024
3 5 71.27499
3 6 71.77329
3 7 78.27464
3 8 93.80210
3 9 97.10686
3 10 76.77494
3 11 91.90691
3 12 77.11987
3 13 52.07686
3 14 125.44984
3 15 42.90147
3 16 72.39065
3 17 82.86226
3 18 59.53330
3 19 107.33121
3 20 74.84999
3 21 83.32628
3 22 84.88676
3 23 64.64121
3 24 119.67799
3 25 79.55867
3 26 48.50759
3 27 81.43764
3 28 48.42267
3 29 122.63803
3 30 56.31729
3 31 84.65974
3 32 77.27413
3 33 63.28183
3 34 99.09617
3 35 70.76871
3 36 100.19981
3 37 124.67497
3 38 39.68404
3 39 60.20835
3 40 78.04396
3 41 139.25877
3 42 122.65810
3 43 61.95305
3 44 97.15299
3 45 96.03925
3 46 113.95460
3 47 93.11389
3 48 73.40855
3 49 83.45071
3 50 89.12002
3 51 114.94361
3 52 50.89421
3 53 114.85410
3 54 108.73145
3 55 90.09460
3 56 94.48700
3 57 90.21506
3 58 132.55104
3 59 83.71966
3 60 97.56658
3 61 64.00484
3 62 92.96529
3 63 64.29662
3 64 106.37023
3 65 102.13609
3 66 72.84872
3 67 85.65219
3 68 71.79560
3 69 48.78193
3 70 67.31368
3 71 88.12104
3 72 101.72246
3 73 72.92030
3 74 133.10939
3 75 115.10676
3 76 114.33881
3 77 56.42991
3 78 105.46282
3 79 111.43799
3 80 78.87048
3 81 125.66039
3 82 43.26142
3 83 95.15562
3 84 95.31896
3 85 114.34835
3 86 94.79351
3 87 101.66234
3 88 98.47726
3 89 60.93267
3 90 123.15121
3 91 108.94506
3 92 103.46121
3 93 78.47921
3 94 101.99115
3 95 95.11092
3 96 146.21715
3 97 59.04307
3 98 77.83501
3 99 106.32059
4 5 72.93357
4 6 113.72119
4 7 68.41079
4 8 66.60683
4 9 88.75521
4 10 106.16162
4 11 77.86615
4 12 45.51661
4 13 97.01892
4 14 120.86707
4 15 53.75679
4 16 94.01117
4 17 71.03112
4 18 97.19319
4 19 102.86762
4 20 66.59993
4 21 44.67075
4 22 77.70592
4 23 94.89907
4 24 127.70963
4 25 100.50169
4 26 87.70591
4 27 98.96753
4 28 71.71679
4 29 113.35071
4 30 82.07267
4 31 109.57211
4 32 89.64298
4 33 105.35989
4 34 98.85751
4 35 103.60210
4 36 115.79793
4 37 107.31490
4 38 87.56968
4 39 71.18618
4 40 80.93701
4 41 148.02637
4 42 85.54137
4 43 89.10222
4 44 76.86761
4 45 73.22586
4 46 88.46161
4 47 60.38819
4 48 79.21375
4 49 127.51671
4 50 139.90036
4 51 123.69807
4 52 111.23870
4 53 83.69164
4 54 132.38170
4 55 88.80491
4 56 90.12337
4 57 86.78733
4 58 97.91696
4 59 122.68906
4 60 91.02412
4 61 122.63841
4 62 98.98346
4 63 63.52206
4 64 121.96138
4 65 139.11501
4 66 114.45215
4 67 61.48090
4 68 125.52055
4 69 90.00982
4 70 73.44218
4 71 75.79974
4 72 126.69687
4 73 120.99629
4 74 106.98210
4 75 138.74536
4 76 133.19452
4 77 101.15313
4 78 78.26698
4 79 80.11047
4 80 108.46647
4 81 92.72522
4 82 57.10124
4 83 109.24997
4 84 86.98489
4 85 122.81361
4 86 74.24841
4 87 120.04308
4 88 83.84138
4 89 88.09089
4 90 64.37537
4 91 87.05048
4 92 102.84676
4 93 95.01737
4 94 96.59515
4 95 51.54646
4 96 113.66935
4 97 77.21755
4 98 116.03383
4 99 132.71486
5 6 71.38941
5 7 70.44090
5 8 65.54140
5 9 45.32677
5 10 99.40981
5 11 71.23409
5 12 64.97551
5 13 50.63927
5 14 144.65288
5 15 63.03009
5 16 36.86019
5 17 95.90071
5 18 39.36245
5 19 94.00283
5 20 53.31655
5 21 80.27898
5 22 87.91171
5 23 65.00834
5 24 108.74737
5 25 47.82370
5 26 36.74109
5 27 104.65899
5 28 74.84985
5 29 95.22041
5 30 80.07732
5 31 73.44965
5 32 57.03123
5 33 103.19178
5 34 54.04667
5 35 105.19184
5 36 81.81200
5 37 95.41855
5 38 69.42023
5 39 64.37187
5 40 96.96404
5 41 118.90112
5 42 109.59518
5 43 31.36849
5 44 115.52288
5 45 67.32977
5 46 109.19270
5 47 77.11917
5 48 48.06174
5 49 79.85974
5 50 93.23988
5 51 101.96915
5 52 78.93217
5 53 54.79214
5 54 83.98595
5 55 45.59172
5 56 88.43709
5 57 93.55698
5 58 110.87621
5 59 75.16331
5 60 100.62816
5 61 74.60603
5 62 58.87356
5 63 43.31998
5 64 71.57620
5 65 91.61408
5 66 82.78149
5 67 95.93705
5 68 84.91468
5 69 70.67155
5 70 42.20330
5 71 83.33234
5 72 71.14754
5 73 118.37137
5 74 105.28337
5 75 131.57816
5 76 93.30527
5 77 81.72141
5 78 103.27038
5 79 109.26820
5 80 103.21512
5 81 74.79518
5 82 47.36822
5 83 79.99776
5 84 90.72392
5 85 115.78680
5 86 76.22740
5 87 112.70081
5 88 107.40290
5 89 87.20568
5 90 92.32354
5 91 72.98434
5 92 65.16964
5 93 84.66812
5 94 104.63592
5 95 64.70301
5 96 114.95914
5 97 46.11763
5 98 70.14954
5 99 101.99809
6 7 75.17003
6 8 74.98486
6 9 84.78740
6 10 60.11880
6 11 77.72874
6 12 94.66967
6 13 62.74537
6 14 116.18240
6 15 73.95055
6 16 57.63692
6 17 123.63474
6 18 52.47369
6 19 72.75230
6 20 80.96584
6 21 96.98631
6 22 85.50784
6 23 45.01725
6 24 101.81440
6 25 65.67209
6 26 49.46058
6 27 91.91241
6 28 61.59694
6 29 112.73126
6 30 79.11813
6 31 66.08526
6 32 37.05980
6 33 75.93362
6 34 53.82528
6 35 100.32047
6 36 88.06194
6 37 84.54298
6 38 71.69576
6 39 66.07562
6 40 78.09402
6 41 81.75681
6 42 108.36992
6 43 54.27069
6 44 119.26298
6 45 85.50624
6 46 95.56413
6 47 117.65621
6 48 60.36728
6 49 40.66525
6 50 57.50607
6 51 67.02973
6 52 38.91327
6 53 90.57546
6 54 50.87249
6 55 78.51820
6 56 107.33190
6 57 93.18707
6 58 104.89592
6 59 51.00658
6 60 85.59466
6 61 33.28006
6 62 53.43083
6 63 93.41918
6 64 70.22364
6 65 39.13285
6 66 66.03952
6 67 98.86861
6 68 25.29237
6 69 90.39987
6 70 62.80858
6 71 106.32893
6 72 78.82773
6 73 95.69278
6 74 106.41474
6 75 74.22081
6 76 87.71152
6 77 55.14529
6 78 102.14449
6 79 111.87686
6 80 77.67304
6 81 88.53655
6 82 79.50610
6 83 82.40826
6 84 78.62688
6 85 92.14175
6 86 86.24117
6 87 80.66932
6 88 98.30495
6 89 62.50719
6 90 112.84176
6 91 91.86584
6 92 69.46152
6 93 66.40520
6 94 90.86913
6 95 103.19330
6 96 111.19327
6 97 89.90911
6 98 62.02897
6 99 42.26524
7 8 44.31494
7 9 97.06262
7 10 74.88686
7 11 85.29858
7 12 82.94212
7 13 72.79491
7 14 120.19458
7 15 47.13207
7 16 83.44139
7 17 109.92661
7 18 76.56911
7 19 87.49664
7 20 84.22358
7 21 74.68652
7 22 77.79016
7 23 75.17715
7 24 141.52817
7 25 100.93134
7 26 61.66226
7 27 107.05342
7 28 51.53033
7 29 139.47841
7 30 93.16814
7 31 110.65141
7 32 44.53143
7 33 96.70515
7 34 65.07859
7 35 121.17931
7 36 115.29204
7 37 103.92997
7 38 91.78239
7 39 71.41167
7 40 56.54151
7 41 112.00325
7 42 98.41370
7 43 82.94247
7 44 85.60879
7 45 92.15621
7 46 88.58414
7 47 106.54333
7 48 52.31633
7 49 102.82378
7 50 124.10042
7 51 109.16657
7 52 79.00986
7 53 91.43100
7 54 107.39030
7 55 100.76473
7 56 109.06030
7 57 91.61720
7 58 104.00455
7 59 103.32160
7 60 95.25966
7 61 95.64561
7 62 89.18382
7 63 72.21070
7 64 117.72502
7 65 108.93826
7 66 100.77033
7 67 47.24356
7 68 95.03207
7 69 68.77524
7 70 81.03242
7 71 98.22191
7 72 110.70045
7 73 122.74427
7 74 108.04956
7 75 103.37337
7 76 137.86806
7 77 90.62035
7 78 79.16890
7 79 90.33224
7 80 110.17012
7 81 85.62627
7 82 66.76387
7 83 120.11151
7 84 38.68529
7 85 124.92773
7 86 95.09767
7 87 117.62007
7 88 87.64833
7 89 79.79877
7 90 82.64948
7 91 107.09728
7 92 79.96951
7 93 52.91654
7 94 103.98398
7 95 91.78539
7 96 117.15327
7 97 71.16722
7 98 101.27132
7 99 97.44070
8 9 69.63657
8 10 69.37248
8 11 51.37584
8 12 74.81261
8 13 77.36267
8 14 110.19292
8 15 59.61932
8 16 83.40827
8 17 98.94139
8 18 73.01122
8 19 82.85065
8 20 60.47149
8 21 57.72120
8 22 53.87975
8 23 59.76129
8 24 115.29229
8 25 82.71041
8 26 68.37874
8 27 109.96929
8 28 59.11194
8 29 112.15981
8 30 83.27328
8 31 89.62690
8 32 43.97018
8 33 106.27314
8 34 54.39647
8 35 115.94306
8 36 87.24411
8 37 68.89115
8 38 97.37948
8 39 76.38391
8 40 56.60291
8 41 110.78901
8 42 66.09267
8 43 74.52820
8 44 78.73573
8 45 75.60088
8 46 64.44781
8 47 86.36560
8 48 38.16335
8 49 103.04785
8 50 112.40524
8 51 82.52664
8 52 93.95158
8 53 62.94548
8 54 97.54528
8 55 83.45492
8 56 83.13756
8 57 66.08958
8 58 71.69919
8 59 85.89347
8 60 87.42476
8 61 92.67106
8 62 63.51582
8 63 87.05680
8 64 99.48380
8 65 95.37884
8 66 85.55717
8 67 54.68079
8 68 92.40526
8 69 90.78761
8 70 66.83970
8 71 75.07167
8 72 90.65569
8 73 118.57197
8 74 65.17183
8 75 100.39244
8 76 117.39457
8 77 94.37852
8 78 87.23961
8 79 63.10443
8 80 101.70748
8 81 53.44241
8 82 78.33379
8 83 105.98463
8 84 65.40182
8 85 97.46458
8 86 69.91401
8 87 99.00396
8 88 92.14671
8 89 74.93761
8 90 47.07402
8 91 79.92263
8 92 49.61148
8 93 50.59631
8 94 77.66483
8 95 78.10957
8 96 94.54456
8 97 90.91812
8 98 84.68687
8 99 85.97189
9 10 102.33699
9 11 51.33779
9 12 75.77945
9 13 70.60705
9 14 143.66118
9 15 85.83164
9 16 65.15351
9 17 92.06082
9 18 54.93320
9 19 106.27884
9 20 39.39621
9 21 80.51968
9 22 78.84609
9 23 62.08092
9 24 85.81263
9 25 34.99387
9 26 66.02758
9 27 118.78456
9 28 91.20211
9 29 70.47843
9 30 79.49261
9 31 56.77488
9 32 75.41777
9 33 120.98361
9 34 67.97324
9 35 106.98418
9 36 50.34587
9 37 76.34046
9 38 89.68496
9 39 87.08178
9 40 105.60047
9 41 131.87900
9 42 95.49717
9 43 45.03307
9 44 116.73182
9 45 70.24380
9 46 103.11325
9 47 65.47223
9 48 55.78726
9 49 94.61659
9 50 87.44284
9 51 87.07321
9 52 104.42480
9 53 43.79383
9 54 89.20430
9 55 42.77312
9 56 65.49009
9 57 78.52421
9 58 97.48940
9 59 63.15664
9 60 107.16476
9 61 81.75639
9 62 45.89789
9 63 84.38193
9 64 63.61864
9 65 87.86919
9 66 72.16077
9 67 109.34589
9 68 92.27423
9 69 100.91238
9 70 47.22602
9 71 67.18108
9 72 52.74947
9 73 118.34644
9 74 76.37422
9 75 136.50905
9 76 78.16431
9 77 97.82742
9 78 123.82224
9 79 97.69565
9 80 103.59843
9 81 66.84479
9 82 80.18361
9 83 77.44360
9 84 118.07285
9 85 95.10194
9 86 65.62437
9 87 102.60427
9 88 123.69678
9 89 93.04478
9 90 81.95921
9 91 57.39034
9 92 50.00520
9 93 92.12491
9 94 89.70844
9 95 71.10701
9 96 110.44027
9 97 89.19392
9 98 57.72556
9 99 102.68523
10 11 68.13795
10 12 97.16886
10 13 79.78979
10 14 83.48402
10 15 64.21497
10 16 101.79547
10 17 101.07863
10 18 80.53053
10 19 93.69599
10 20 78.93462
10 21 75.70550
10 22 48.88040
10 23 44.06605
10 24 108.45862
10 25 92.91726
10 26 77.35171
10 27 95.36418
10 28 41.96856
10 29 125.32020
10 30 63.64927
10 31 82.21100
10 32 63.54679
10 33 76.32168
10 34 91.06245
10 35 89.72914
10 36 87.52771
10 37 88.17305
10 38 86.40553
10 39 81.77822
10 40 35.54227
10 41 119.94509
10 42 82.64439
10 43 86.47997
10 44 73.17736
10 45 101.52402
10 46 69.30221
10 47 108.53589
10 48 65.74117
10 49 92.93836
10 50 86.89431
10 51 72.70128
10 52 71.90792
10 53 113.02635
10 54 101.64877
10 55 108.15701
10 56 86.62828
10 57 57.32824
10 58 93.45712
10 59 71.03113
10 60 84.92588
10 61 67.87460
10 62 79.50667
10 63 115.25955
10 64 110.83731
10 65 79.27821
10 66 58.79956
10 67 66.66364
10 68 61.07392
10 69 94.34100
10 70 82.26917
10 71 83.72210
10 72 99.51302
10 73 71.74458
10 74 88.97810
10 75 60.78945
10 76 117.20908
10 77 72.75533
10 78 104.71062
10 79 71.52762
10 80 70.21716
10 81 105.69607
10 82 92.72607
10 83 108.88190
10 84 86.09496
10 85 74.53351
10 86 85.85170
10 87 68.21597
10 88 94.72799
10 89 42.29050
10 90 97.57019
10 91 106.14894
10 92 79.73404
10 93 40.71618
10 94 63.13446
10 95 112.35143
10 96 123.02291
10 97 113.74027
10 98 73.99014
10 99 66.07698
11 12 61.98659
11 13 83.46934
11 14 95.93784
11 15 69.23071
11 16 82.63702
11 17 76.00271
11 18 72.97373
11 19 85.71450
11 20 30.78694
11 21 45.94782
11 22 38.02353
11 23 45.66982
11 24 69.10973
11 25 57.93802
11 26 77.14009
11 27 94.15795
11 28 64.49593
11 29 69.83977
11 30 53.64747
11 31 51.73314
11 32 68.57768
11 33 96.17716
11 34 76.08302
11 35 83.81082
11 36 55.41612
11 37 47.76349
11 38 82.75989
11 39 73.00565
11 40 68.41962
11 41 122.94917
11 42 48.74924
11 43 63.28031
11 44 80.67216
11 45 59.36824
11 46 55.69735
11 47 59.59229
11 48 56.42883
11 49 95.52757
11 50 85.91806
11 51 57.75135
11 52 96.31390
11 53 60.92171
11 54 91.79584
11 55 63.29561
11 56 50.58594
11 57 40.74664
11 58 58.09671
11 59 65.08134
11 60 74.25180
11 61 81.27969
11 62 43.91132
11 63 98.52232
11 64 77.64323
11 65 83.24419
11 66 62.36519
11 67 79.72400
11 68 82.03430
11 69 106.96362
11 70 46.72836
11 71 49.69335
11 72 79.57117
11 73 89.61954
11 74 45.96573
11 75 100.54371
11 76 82.50917
11 77 81.03233
11 78 99.35858
11 79 54.34111
11 80 72.06669
11 81 64.17582
11 82 80.97071
11 83 75.85798
11 84 101.03049
11 85 55.23522
11 86 35.79379
11 87 64.48138
11 88 93.32636
11 89 58.32435
11 90 54.49309
11 91 50.09240
11 92 56.31942
11 93 71.97549
11 94 40.59978
11 95 66.22063
11 96 89.25919
11 97 105.79530
11 98 64.79310
11 99 82.04932
12 13 93.69192
12 14 102.29166
12 15 55.17696
12 16 70.52084
12 17 69.22023
12 18 86.59746
12 19 77.64284
12 20 51.38945
12 21 41.20097
12 22 75.32516
12 23 79.87015
12 24 89.39108
12 25 75.00154
12 26 79.88194
12 27 62.95870
12 28 64.80238
12 29 77.01788
12 30 57.54605
12 31 77.09823
12 32 83.17794
12 33 76.84399
12 34 90.70905
12 35 70.58057
12 36 101.53555
12 37 86.27539
12 38 56.33689
12 39 41.13464
12 40 82.74653
12 41 127.83857
12 42 77.65674
12 43 66.93129
12 44 91.73877
12 45 37.33874
12 46 77.46147
12 47 52.70399
12 48 81.68680
12 49 97.08313
12 50 108.14880
12 51 96.99162
12 52 89.98306
12 53 71.78799
12 54 103.98799
12 55 58.30643
12 56 84.41168
12 57 82.45852
12 58 83.16927
12 59 101.95830
12 60 59.38405
12 61 99.95770
12 62 74.52293
12 63 62.83949
12 64 88.76591
12 65 113.53680
12 66 98.86633
12 67 81.50198
12 68 100.40741
12 69 99.54004
12 70 42.56255
12 71 75.39365
12 72 116.23059
12 73 95.56848
12 74 102.41609
12 75 120.41977
12 76 94.01332
12 77 68.31423
12 78 67.03022
12 79 86.30586
12 80 73.17426
12 81 85.31451
12 82 45.11008
12 83 66.58856
12 84 91.13680
12 85 94.75062
12 86 41.59941
12 87 87.74693
12 88 63.60540
12 89 65.01795
12 90 74.64855
12 91 54.59034
12 92 100.09879
12 93 100.64724
12 94 75.06622
12 95 22.86508
12 96 91.83552
12 97 79.25950
12 98 99.88869
12 99 109.91640
13 14 148.44109
13 15 60.60176
13 16 66.02347
13 17 96.36836
13 18 21.78470
13 19 117.00925
13 20 66.90940
13 21 93.86465
13 22 82.42918
13 23 50.72949
13 24 123.80695
13 25 62.20787
13 26 22.99415
13 27 117.20164
13 28 66.19466
13 29 122.74563
13 30 76.27786
13 31 80.12408
13 32 60.91323
13 33 102.10542
13 34 75.03151
13 35 104.42173
13 36 74.28191
13 37 115.71008
13 38 74.13869
13 39 83.39380
13 40 87.51892
13 41 136.15002
13 42 124.27752
13 43 47.47614
13 44 106.86682
13 45 102.99774
13 46 120.52940
13 47 95.44136
13 48 41.61631
13 49 85.63540
13 50 85.00014
13 51 109.73013
13 52 69.19234
13 53 95.89087
13 54 99.54618
13 55 82.70599
13 56 84.41557
13 57 85.74489
13 58 132.22939
13 59 60.60587
13 60 119.02839
13 61 54.54521
13 62 77.45447
13 63 69.80969
13 64 96.01435
13 65 87.77991
13 66 57.33236
13 67 92.59894
13 68 71.11381
13 69 41.92550
13 70 67.61779
13 71 81.32441
13 72 59.21771
13 73 102.61410
13 74 114.72310
13 75 125.31577
13 76 112.56873
13 77 84.28527
13 78 126.75968
13 79 110.55752
13 80 104.55824
13 81 107.10501
13 82 63.64427
13 83 104.55296
13 84 100.47495
13 85 118.21716
13 86 100.67312
13 87 114.81292
13 88 125.61171
13 89 82.68787
13 90 114.62677
13 91 106.98141
13 92 66.67142
13 93 61.70641
13 94 109.27840
13 95 103.36061
13 96 147.58455
13 97 58.29000
13 98 49.75465
13 99 101.00928
14 15 104.90194
14 16 139.20741
14 17 122.49880
14 18 143.73811
14 19 89.00677
14 20 114.31010
14 21 84.93176
14 22 88.49694
14 23 107.34539
14 24 108.13641
14 25 135.81516
14 26 137.95619
14 27 78.82354
14 28 87.59168
14 29 127.42128
14 30 91.76063
14 31 114.59223
14 32 116.53340
14 33 81.54169
14 34 135.48944
14 35 94.33122
14 36 139.48148
14 37 94.55418
14 38 112.04235
14 39 96.02124
14 40 76.33698
14 41 131.92088
14 42 70.58797
14 43 133.01805
14 44 95.92982
14 45 102.34447
14 46 52.67145
14 47 126.58125
14 48 128.45865
14 49 127.56464
14 50 129.44719
14 51 88.23304
14 52 116.31469
14 53 137.38969
14 54 131.18987
14 55 133.40387
14 56 124.97676
14 57 96.51241
14 58 75.77766
14 59 130.93985
14 60 59.38117
14 61 128.17355
14 62 114.60706
14 63 150.26558
14 64 136.97816
14 65 125.51070
14 66 123.26518
14 67 97.62730
14 68 113.56641
14 69 156.53224
14 70 111.47018
14 71 120.53697
14 72 163.77864
14 73 91.36117
14 74 112.13684
14 75 69.46778
14 76 132.06987
14 77 93.52588
14 78 87.06014
14 79 86.61855
14 80 69.60080
14 81 126.20801
14 82 124.70113
14 83 116.56731
14 84 110.73732
14 85 76.56239
14 86 86.67794
14 87 63.68907
14 88 67.89342
14 89 68.66409
14 90 106.56754
14 91 110.74600
14 92 137.79338
14 93 114.51302
14 94 62.37098
14 95 115.27547
14 96 101.54530
14 97 159.12415
14 98 137.71973
14 99 99.99345
15 16 75.02911
15 17 69.97675
15 18 65.42174
15 19 90.20329
15 20 58.31370
15 21 49.17324
15 22 58.43509
15 23 58.60350
15 24 116.46334
15 25 81.89146
15 26 52.43836
15 27 78.86407
15 28 24.57231
15 29 115.63960
15 30 52.87051
15 31 86.76097
15 32 60.57639
15 33 68.85517
15 34 83.58706
15 35 78.58096
15 36 96.73007
15 37 102.41740
15 38 55.73396
15 39 49.64143
15 40 48.30360
15 41 129.26846
15 42 90.04324
15 43 65.36642
15 44 66.11617
15 45 77.67697
15 46 82.67085
15 47 74.99565
15 48 54.71339
15 49 94.45830
15 50 104.44502
15 51 102.74223
15 52 66.32516
15 53 93.64356
15 54 108.65063
15 55 84.67929
15 56 81.16079
15 57 68.98962
15 58 102.38937
15 59 89.33071
15 60 79.47852
15 61 80.25300
15 62 82.34320
15 63 58.85115
15 64 107.16512
15 65 105.62047
15 66 77.94641
15 67 46.54233
15 68 82.84093
15 69 55.37212
15 70 58.60280
15 71 69.81779
15 72 103.70718
15 73 83.85555
15 74 106.20660
15 75 104.25400
15 76 118.29195
15 77 64.84355
15 78 79.01505
15 79 78.10242
15 80 79.08428
15 81 98.97184
15 82 37.09530
15 83 96.84064
15 84 69.04140
15 85 103.67435
15 86 74.11641
15 87 94.88422
15 88 76.29025
15 89 50.83869
15 90 85.16596
15 91 92.24531
15 92 86.80177
15 93 58.59188
15 94 82.04959
15 95 72.91629
15 96 121.26877
15 97 61.32873
15 98 83.90517
15 99 100.18974
16 17 114.98711
16 18 50.38532
16 19 75.84707
16 20 71.33673
16 21 94.34303
16 22 103.04674
16 23 70.61490
16 24 99.63695
16 25 48.77007
16 26 45.79567
16 27 88.23063
16 28 79.63597
16 29 91.66858
16 30 83.86957
16 31 67.10640
16 32 58.05834
16 33 87.37449
16 34 53.66494
16 35 99.90207
16 36 95.60735
16 37 94.04964
16 38 57.96964
16 39 52.39914
16 40 105.04512
16 41 95.81420
16 42 118.30144
16 43 30.88470
16 44 133.80357
16 45 61.02822
16 46 112.36347
16 47 97.89448
16 48 69.79792
16 49 48.70972
16 50 76.40420
16 51 92.80151
16 52 59.79884
16 53 65.48537
16 54 57.42945
16 55 40.67564
16 56 109.20473
16 57 109.59252
16 58 112.91582
16 59 74.03454
16 60 88.55346
16 61 63.20548
16 62 54.80377
16 63 55.23088
16 64 51.52962
16 65 75.02218
16 66 89.65386
16 67 112.21030
16 68 68.35410
16 69 88.50357
16 70 41.34046
16 71 106.20155
16 72 84.10899
16 73 114.33022
16 74 119.81020
16 75 119.05967
16 76 75.02076
16 77 62.24084
16 78 96.12912
16 79 126.45150
16 80 91.19077
16 81 81.30170
16 82 53.61140
16 83 60.06847
16 84 89.41392
16 85 112.62941
16 86 77.42841
16 87 102.86479
16 88 98.01779
16 89 83.51806
16 90 111.01208
16 91 71.22710
16 92 82.22585
16 93 98.63374
16 94 107.43729
16 95 71.03353
16 96 105.99833
16 97 58.76251
16 98 77.24261
16 99 86.40678
17 18 99.02322
17 19 135.78532
17 20 57.50424
17 21 55.92595
17 22 66.02948
17 23 87.11595
17 24 109.58206
17 25 94.73460
17 26 98.89733
17 27 105.65512
17 28 79.80395
17 29 103.56897
17 30 53.59958
17 31 94.02594
17 32 116.62153
17 33 106.92419
17 34 131.62923
17 35 70.77798
17 36 90.01316
17 37 120.87345
17 38 84.21603
17 39 94.25325
17 40 90.51159
17 41 182.50943
17 42 95.72307
17 43 93.60785
17 44 67.67205
17 45 98.72894
17 46 103.32277
17 47 38.18629
17 48 92.79575
17 49 137.33636
17 50 124.32590
17 51 125.67859
17 52 120.65379
17 53 114.17997
17 54 149.33408
17 55 100.23938
17 56 49.78513
17 57 62.09035
17 58 117.87753
17 59 109.15971
17 60 109.27049
17 61 114.85545
17 62 107.88335
17 63 97.56948
17 64 128.90103
17 65 140.56563
17 66 87.48647
17 67 86.99398
17 68 122.56193
17 69 96.26655
17 70 81.51527
17 71 40.08551
17 72 117.02044
17 73 82.96011
17 74 108.13210
17 75 147.89716
17 76 126.48936
17 77 103.43372
17 78 124.28062
17 79 76.36839
17 80 93.88083
17 81 128.75903
17 82 78.55412
17 83 109.73130
17 84 134.18044
17 85 103.11649
17 86 80.97591
17 87 106.32772
17 88 115.18991
17 89 81.78202
17 90 95.85938
17 91 99.67010
17 92 112.61107
17 93 101.83617
17 94 83.15860
17 95 83.44206
17 96 147.75504
17 97 104.54256
17 98 97.37729
17 99 142.82523
18 19 104.83475
18 20 58.27606
18 21 91.05228
18 22 81.45263
18 23 43.35191
18 24 107.81438
18 25 43.00930
18 26 20.09466
18 27 110.44717
18 28 68.66927
18 29 105.90816
18 30 73.04855
18 31 63.81726
18 32 53.43238
18 33 99.03390
18 34 61.42963
18 35 100.51416
18 36 64.36172
18 37 100.50668
18 38 69.32935
18 39 75.93504
18 40 90.56753
18 41 122.76109
18 42 116.74615
18 43 29.37980
18 44 113.38922
18 45 88.98865
18 46 113.65283
18 47 91.01377
18 48 39.34118
18 49 70.92973
18 50 70.55930
18 51 94.91451
18 52 65.64717
18 53 79.77583
18 54 81.23900
18 55 64.54462
18 56 82.08965
18 57 84.55964
18 58 120.86913
18 59 46.76051
18 60 109.47987
18 61 44.59126
18 62 58.73986
18 63 69.24702
18 64 74.91915
18 65 72.02361
18 66 53.58629
18 67 98.71410
18 68 61.18155
18 69 60.82773
18 70 53.23289
18 71 81.02327
18 72 47.38537
18 73 102.14795
18 74 105.24660
18 75 119.70140
18 76 93.13447
18 77 76.62645
18 78 121.34051
18 79 109.75170
18 80 96.63206
18 81 92.61272
18 82 62.88732
18 83 87.65798
18 84 99.53636
18 85 107.13857
18 86 88.24242
18 87 104.34795
18 88 120.09806
18 89 78.98344
18 90 108.38236
18 91 90.46309
18 92 56.22742
18 93 67.65382
18 94 101.41289
18 95 93.20579
18 96 132.63773
18 97 62.04094
18 98 39.63705
18 99 88.77671
19 20 97.55518
19 21 89.18288
19 22 102.44809
19 23 90.71211
19 24 99.10797
19 25 97.07198
19 26 96.54724
19 27 67.26981
19 28 81.15170
19 29 103.75421
19 30 97.25185
19 31 91.05695
19 32 68.13800
19 33 74.82160
19 34 71.41459
19 35 107.63416
19 36 127.60298
19 37 68.48703
19 38 86.14896
19 39 53.99910
19 40 89.83225
19 41 56.43478
19 42 88.21885
19 43 88.16780
19 44 128.02106
19 45 54.90110
19 46 71.86221
19 47 121.32831
19 48 98.50491
19 49 69.77857
19 50 102.23515
19 51 69.45684
19 52 77.26838
19 53 83.42087
19 54 63.36341
19 55 82.19087
19 56 131.89474
19 57 114.05419
19 58 71.43101
19 59 105.82178
19 60 41.65039
19 61 97.05750
19 62 70.22218
19 63 102.86566
19 64 80.24203
19 65 84.89077
19 66 117.68756
19 67 103.69854
19 68 83.02412
19 69 132.28798
19 70 72.19718
19 71 127.05519
19 72 131.27040
19 73 118.56271
19 74 111.50537
19 75 74.72720
19 76 93.04369
19 77 65.37379
19 78 50.84771
19 79 113.51472
19 80 78.52377
19 81 73.11927
19 82 89.59683
19 83 74.85311
19 84 66.35606
19 85 96.08488
19 86 68.95680
19 87 79.87075
19 88 51.46740
19 89 74.51775
19 90 97.12645
19 91 72.77463
19 92 105.23430
19 93 106.60307
19 94 88.05853
19 95 79.33311
19 96 53.47194
19 97 112.53878
19 98 116.60947
19 99 64.36476
20 21 46.65313
20 22 48.38700
20 23 47.00939
20 24 77.23260
20 25 45.21177
20 26 62.84328
20 27 93.61283
20 28 62.97673
20 29 69.50189
20 30 44.61318
20 31 50.67734
20 32 72.61272
20 33 95.01856
20 34 80.07654
20 35 75.47645
20 36 51.80387
20 37 74.07906
20 38 68.15559
20 39 67.76922
20 40 77.28069
20 41 135.91908
20 42 73.27824
20 43 47.74900
20 44 82.87602
20 45 60.75410
20 46 79.58578
20 47 39.26211
20 48 51.75637
20 49 95.01990
20 50 85.72138
20 51 81.07829
20 52 91.88446
20 53 62.57891
20 54 98.46269
20 55 52.53591
20 56 40.84676
20 57 48.57183
20 58 84.38591
20 59 64.97545
20 60 85.11378
20 61 77.22811
20 62 52.54303
20 63 77.75755
20 64 77.85598
20 65 92.40710
20 66 58.47923
20 67 82.11379
20 68 84.66318
20 69 87.90343
20 70 35.55363
20 71 37.45427
20 72 72.26506
20 73 86.84373
20 74 71.20897
20 75 119.24443
20 76 83.63766
20 77 78.28593
20 78 104.76251
20 79 69.31347
20 80 76.88794
20 81 78.01361
20 82 61.76581
20 83 72.70399
20 84 106.00556
20 85 75.75772
20 86 45.15661
20 87 80.66270
20 88 99.74543
20 89 63.08834
20 90 68.84051
20 91 55.45574
20 92 62.52827
20 93 76.29529
20 94 61.83952
20 95 57.55384
20 96 107.83819
20 97 84.65769
20 98 57.71338
20 99 98.56102
21 22 42.06242
21 23 69.80754
21 24 95.79941
21 25 86.34582
21 26 86.10677
21 27 80.45255
21 28 52.42394
21 29 92.10297
21 30 51.36958
21 31 82.99115
21 32 81.40436
21 33 85.44648
21 34 96.03572
21 35 76.08871
21 36 91.65637
21 37 79.32276
21 38 76.82469
21 39 63.13146
21 40 55.61125
21 41 137.87122
21 42 50.13559
21 43 81.38063
21 44 54.29431
21 45 62.33732
21 46 53.37094
21 47 50.45934
21 48 71.56509
21 49 113.57618
21 50 114.79818
21 51 90.74357
21 52 99.87717
21 53 82.14511
21 54 117.81799
21 55 82.18008
21 56 64.31096
21 57 50.96182
21 58 68.89643
21 59 99.27550
21 60 66.55576
21 61 103.44144
21 62 78.94984
21 63 86.41727
21 64 107.28725
21 65 115.84949
21 66 87.71429
21 67 53.58555
21 68 102.90538
21 69 98.76987
21 70 59.81389
21 71 52.64407
21 72 113.71615
21 73 88.04967
21 74 77.97949
21 75 108.96232
21 76 111.46867
21 77 81.93270
21 78 77.17902
21 79 46.20739
21 80 74.96928
21 81 85.78417
21 82 66.03985
21 83 91.51706
21 84 89.90408
21 85 81.28696
21 86 45.65389
21 87 80.85739
21 88 71.31876
21 89 55.69219
21 90 51.53349
21 91 69.57229
21 92 89.22778
21 93 78.53132
21 94 53.08789
21 95 54.56552
21 96 98.61422
21 97 97.28040
21 98 95.39498
21 99 106.98450
22 23 47.94242
22 24 96.29887
22 25 82.99176
22 26 81.85108
22 27 100.56241
22 28 50.38755
22 29 102.83175
22 30 50.83092
22 31 75.96861
22 32 75.25973
22 33 94.47598
22 34 94.30634
22 35 84.17991
22 36 68.51938
22 37 76.31611
22 38 88.96593
22 39 82.99282
22 40 43.48338
22 41 140.37791
22 42 53.97940
22 43 82.04572
22 44 46.99458
22 45 86.39644
22 46 56.23604
22 47 68.90025
22 48 57.69572
22 49 112.55382
22 50 101.36811
22 51 78.41394
22 52 98.46914
22 53 92.45670
22 54 115.82306
22 55 93.94349
22 56 47.81673
22 57 15.86609
22 58 75.53910
22 59 77.65266
22 60 85.41557
22 61 88.32237
22 62 74.02409
22 63 106.23073
22 64 109.23412
22 65 99.96257
22 66 60.21569
22 67 55.73223
22 68 88.95540
22 69 95.83928
22 70 70.08710
22 71 41.73140
22 72 93.37669
22 73 79.18414
22 74 59.38020
22 75 96.60362
22 76 113.33170
22 77 88.01046
22 78 104.61977
22 79 31.64578
22 80 77.06670
22 81 91.02671
22 82 85.30795
22 83 103.51558
22 84 98.90633
22 85 67.09926
22 86 62.99205
22 87 73.51595
22 88 96.68829
22 89 52.26001
22 90 62.65895
22 91 85.08352
22 92 69.56163
22 93 52.44491
22 94 44.06180
22 95 87.64302
22 96 114.59904
22 97 109.95457
22 98 73.09538
22 99 93.22300
23 24 85.96029
23 25 50.60003
23 26 48.40513
23 27 94.56853
23 28 48.23690
23 29 95.33682
23 30 49.54137
23 31 47.96597
23 32 50.12887
23 33 82.24703
23 34 68.40078
23 35 81.36268
23 36 51.39894
23 37 74.78807
23 38 68.71262
23 39 70.08723
23 40 61.29826
23 41 116.44125
23 42 84.70733
23 43 47.69067
23 44 87.67387
23 45 80.71708
23 46 79.92847
23 47 84.02426
23 48 39.96744
23 49 72.94685
23 50 60.53994
23 51 63.62909
23 52 65.20322
23 53 82.58499
23 54 79.96570
23 55 72.04359
23 56 63.48579
23 57 51.36747
23 58 92.02848
23 59 34.54761
23 60 86.41489
23 61 41.85343
23 62 46.99579
23 63 91.99301
23 64 77.04446
23 65 59.34135
23 66 30.00285
23 67 80.59805
23 68 47.05789
23 69 80.56912
23 70 50.31976
23 71 63.87103
23 72 60.04527
23 73 75.03103
23 74 77.23796
23 75 87.75560
23 76 86.38506
23 77 64.35326
23 78 109.20893
23 79 78.13005
23 80 68.55560
23 81 85.66171
23 82 73.24630
23 83 81.87813
23 84 93.76566
23 85 69.40104
23 86 67.37152
23 87 68.59582
23 88 102.14562
23 89 47.88411
23 90 89.74964
23 91 79.49422
23 92 50.82523
23 93 48.15485
23 94 63.40586
23 95 90.57324
23 96 115.38222
23 97 90.69590
23 98 34.58066
23 99 65.28388
24 25 70.98335
24 26 115.26887
24 27 91.47794
24 28 108.58934
24 29 37.49737
24 30 75.81715
24 31 45.13863
24 32 113.58550
24 33 102.58938
24 34 114.86430
24 35 77.60629
24 36 82.46314
24 37 69.56729
24 38 91.90704
24 39 93.65557
24 40 119.87746
24 41 132.92561
24 42 91.16562
24 43 86.48623
24 44 135.08990
24 45 72.77859
24 46 94.11695
24 47 93.17622
24 48 113.74061
24 49 94.10388
24 50 71.94590
24 51 62.43942
24 52 113.60574
24 53 94.54659
24 54 91.61999
24 55 71.78567
24 56 91.95792
24 57 93.39018
24 58 86.96169
24 59 82.27063
24 60 82.43908
24 61 94.74046
24 62 66.83589
24 63 132.68103
24 64 65.63822
24 65 87.31360
24 66 89.67746
24 67 139.10928
24 68 91.79217
24 69 152.41843
24 70 70.47027
24 71 98.60081
24 72 108.37505
24 73 90.94403
24 74 94.70605
24 75 117.21465
24 76 41.75890
24 77 85.51019
24 78 126.16475
24 79 111.45892
24 80 64.26132
24 81 103.96016
24 82 113.20028
24 83 49.81459
24 84 145.66647
24 85 48.52227
24 86 56.82652
24 87 53.65567
24 88 112.52309
24 89 83.55939
24 90 112.93649
24 91 55.97866
24 92 107.92738
24 93 129.17178
24 94 65.30515
24 95 90.45140
24 96 97.97221
24 97 142.07008
24 98 90.23700
24 99 94.92545
25 26 55.24620
25 27 100.35652
25 28 82.94115
25 29 65.34597
25 30 65.77739
25 31 31.85526
25 32 71.70909
25 33 99.46477
25 34 69.99947
25 35 87.18842
25 36 51.06318
25 37 80.12606
25 38 67.09785
25 39 73.53744
25 40 103.63503
25 41 121.43626
25 42 104.41872
25 43 24.17883
25 44 122.66080
25 45 67.50087
25 46 105.71964
25 47 76.23368
25 48 62.52580
25 49 67.32413
25 50 55.92376
25 51 77.11472
25 52 80.95816
25 53 62.87867
25 54 70.50113
25 55 34.25720
25 56 73.55476
25 57 82.75495
25 58 104.55386
25 59 43.17925
25 60 96.77480
25 61 54.60785
25 62 38.08114
25 63 82.24950
25 64 43.78196
25 65 66.58054
25 66 57.80533
25 67 115.08025
25 68 66.23154
25 69 96.59112
25 70 34.88369
25 71 76.97485
25 72 51.85983
25 73 97.57244
25 74 93.13017
25 75 122.69706
25 76 55.19526
25 77 73.34003
25 78 120.52243
25 79 108.50042
25 80 82.56808
25 81 82.53375
25 82 72.09463
25 83 55.39754
25 84 116.77029
25 85 85.23932
25 86 64.68056
25 87 86.10547
25 88 116.01716
25 89 78.26779
25 90 102.38644
25 91 59.17261
25 92 63.32523
25 93 92.83817
25 94 86.12240
25 95 76.23615
25 96 113.22672
25 97 84.99915
25 98 42.69711
25 99 87.15719
26 27 101.58962
26 28 57.88146
26 29 113.11787
26 30 72.62939
26 31 73.34892
26 32 45.14149
26 33 88.92734
26 34 58.41901
26 35 98.89668
26 36 80.41705
26 37 103.67800
26 38 61.81721
26 39 64.57449
26 40 82.16216
26 41 116.53282
26 42 115.74828
26 43 34.47805
26 44 108.06886
26 45 85.44478
26 46 109.85528
26 47 93.13731
26 48 39.44894
26 49 68.83952
26 50 79.74233
26 51 99.02902
26 52 54.39252
26 53 82.27449
26 54 82.35142
26 55 68.37527
26 56 90.30544
26 57 88.08232
26 58 119.82278
26 59 61.03204
26 60 102.21063
26 61 49.98905
26 62 64.93021
26 63 56.05128
26 64 81.79508
26 65 78.41637
26 66 64.70625
26 67 87.95661
26 68 62.12468
26 69 49.37826
26 70 53.13857
26 71 85.92078
26 72 66.62148
26 73 101.79703
26 74 111.71373
26 75 114.21442
26 76 101.18883
26 77 69.28476
26 78 107.76247
26 79 108.86770
26 80 94.56042
26 81 92.78351
26 82 49.70205
26 83 89.68206
26 84 83.66353
26 85 112.52349
26 86 88.26529
26 87 105.89618
26 88 108.07748
26 89 73.76246
26 90 106.39187
26 91 93.07806
26 92 65.23298
26 93 63.55672
26 94 102.91058
26 95 88.45770
26 96 129.43852
26 97 47.72774
26 98 56.20787
26 99 88.52053
27 28 72.50699
27 29 99.73569
27 30 68.03954
27 31 87.48494
27 32 99.05779
27 33 32.10628
27 34 113.80425
27 35 56.41905
27 36 129.46829
27 37 103.16822
27 38 51.33186
27 39 43.17511
27 40 90.80347
27 41 115.69693
27 42 101.15139
27 43 91.37222
27 44 115.41753
27 45 66.44927
27 46 87.41183
27 47 104.68181
27 48 114.26312
27 49 83.00762
27 50 99.43548
27 51 95.35807
27 52 73.10947
27 53 115.05103
27 54 100.00711
27 55 90.38905
27 56 120.82330
27 57 108.30255
27 58 100.56710
27 59 112.58421
27 60 39.66971
27 61 97.59089
27 62 94.58437
27 63 98.37675
27 64 99.16109
27 65 108.51231
27 66 111.36429
27 67 105.47002
27 68 87.93234
27 69 123.33132
27 70 72.32114
27 71 115.47253
27 72 143.81926
27 73 76.52345
27 74 134.04701
27 75 93.95126
27 76 95.83362
27 77 40.96068
27 78 65.09636
27 79 115.23846
27 80 44.59111
27 81 119.39592
27 82 74.05208
27 83 67.25332
27 84 98.00315
27 85 92.99241
27 86 70.22468
27 87 69.94636
27 88 45.48241
27 89 55.75534
27 90 118.80541
27 91 86.06558
27 92 132.19919
27 93 118.33725
27 94 83.04596
27 95 77.97054
27 96 101.19474
27 97 109.10390
27 98 117.98580
27 99 97.84836
28 29 115.28116
28 30 48.23807
28 31 80.37025
28 32 54.68979
28 33 57.28783
28 34 82.16732
28 35 74.05357
28 36 93.75532
28 37 92.59650
28 38 57.94432
28 39 50.22173
28 40 31.53925
28 41 118.57410
28 42 82.03018
28 43 69.03196
28 44 64.52462
28 45 79.31235
28 46 69.98670
28 47 86.22159
28 48 56.67463
28 49 86.13059
28 50 93.52177
28 51 86.92538
28 52 57.35288
28 53 98.27869
28 54 99.98725
28 55 89.31177
28 56 82.92888
28 57 62.22204
28 58 93.30856
28 59 80.60639
28 60 69.50541
28 61 70.51373
28 62 76.58128
28 63 78.45280
28 64 103.83972
28 65 91.95186
28 66 69.36298
28 67 47.09404
28 68 68.07565
28 69 69.40982
28 70 61.13603
28 71 74.29253
28 72 103.14027
28 73 71.57333
28 74 99.30790
28 75 81.17170
28 76 112.99363
28 77 55.05513
28 78 77.73664
28 79 72.47213
28 80 65.02319
28 81 98.03162
28 82 54.48959
28 83 94.32944
28 84 65.97982
28 85 88.59632
28 86 71.42424
28 87 77.68498
28 88 70.55871
28 89 32.41940
28 90 86.85426
28 91 92.24416
28 92 84.04251
28 93 48.96980
28 94 68.87054
28 95 82.86451
28 96 115.10751
28 97 79.80108
28 98 79.17795
28 99 82.00919
29 30 83.73033
29 31 55.67176
29 32 115.86742
29 33 115.94739
29 34 110.91678
29 35 89.02374
29 36 85.42115
29 37 75.23621
29 38 93.73474
29 39 92.77974
29 40 129.38510
29 41 140.13094
29 42 95.04935
29 43 81.02391
29 44 139.08923
29 45 60.52951
29 46 103.22410
29 47 76.57025
29 48 111.69054
29 49 103.42345
29 50 91.01468
29 51 83.13799
29 52 123.28951
29 53 75.76979
29 54 98.45003
29 55 54.03075
29 56 90.28951
29 57 100.55473
29 58 90.60727
29 59 93.76627
29 60 90.63894
29 61 107.33543
29 62 68.03828
29 63 118.22168
29 64 62.71782
29 65 104.00537
29 66 102.04612
29 67 140.41083
29 68 108.94997
29 69 149.11893
29 70 63.54323
29 71 94.81126
29 72 107.46274
29 73 111.42267
29 74 97.00987
29 75 140.29178
29 76 47.50366
29 77 96.81694
29 78 124.45916
29 79 115.38021
29 80 85.33965
29 81 94.16744
29 82 104.82355
29 83 47.82189
29 84 146.56129
29 85 76.26533
29 86 52.61414
29 87 82.24735
29 88 116.07746
29 89 97.97234
29 90 104.16521
29 91 38.87464
29 92 106.67744
29 93 136.45586
29 94 81.30229
29 95 70.29778
29 96 95.17078
29 97 130.53352
29 98 97.08000
29 99 113.87612
30 31 54.11404
30 32 84.01279
30 33 63.22585
30 34 102.35841
30 35 36.64497
30 36 72.57321
30 37 90.48129
30 38 47.73257
30 39 59.92094
30 40 66.47787
30 41 140.13994
30 42 81.56374
30 43 63.52549
30 44 75.72861
30 45 73.44083
30 46 78.80455
30 47 60.88248
30 48 74.31726
30 49 90.43784
30 50 77.36337
30 51 83.09553
30 52 76.49521
30 53 98.61340
30 54 105.33752
30 55 75.87506
30 56 57.13527
30 57 51.34834
30 58 95.39049
30 59 71.22261
30 60 72.72992
30 61 70.41718
30 62 72.51383
30 63 89.72583
30 64 92.11024
30 65 93.93670
30 66 55.12968
30 67 81.56885
30 68 73.06609
30 69 89.60707
30 70 50.47443
30 71 54.21210
30 72 96.38044
30 73 43.88047
30 74 95.53703
30 75 102.28868
30 76 88.76640
30 77 55.30143
30 78 100.67725
30 79 75.31445
30 80 44.63237
30 81 108.23852
30 82 62.63612
30 83 72.74711
30 84 108.27937
30 85 66.01653
30 86 55.46001
30 87 60.20813
30 88 86.76150
30 89 34.74436
30 90 94.72367
30 91 76.73508
30 92 92.17612
30 93 79.77252
30 94 52.92829
30 95 75.48006
30 96 120.13987
30 97 94.87965
30 98 67.44650
30 99 95.22446
31 32 79.96893
31 33 87.28143
31 34 84.25005
31 35 70.35711
31 36 52.27723
31 37 69.24494
31 38 66.12843
31 39 73.30515
31 40 97.49942
31 41 119.76653
31 42 92.71674
31 43 46.50946
31 44 117.94366
31 45 66.91319
31 46 92.32578
31 47 80.61072
31 48 76.32833
31 49 66.28923
31 50 41.42602
31 51 57.41691
31 52 80.89190
31 53 77.63179
31 54 70.40770
31 55 49.81048
31 56 71.89594
31 57 74.35946
31 58 92.85582
31 59 41.33656
31 60 82.85603
31 61 53.80009
31 62 39.15723
31 63 102.02673
31 64 46.98423
31 65 58.96912
31 66 52.26863
31 67 116.08357
31 68 57.84449
31 69 112.52872
31 70 41.79697
31 71 77.61478
31 72 69.20724
31 73 77.59613
31 74 87.15884
31 75 105.84163
31 76 42.14705
31 77 63.53547
31 78 117.94193
31 79 100.94448
31 80 59.26161
31 81 89.98372
31 82 83.88474
31 83 46.03980
31 84 121.42255
31 85 57.39238
31 86 54.78603
31 87 57.97973
31 88 107.74770
31 89 63.73380
31 90 103.82426
31 91 56.28966
31 92 75.06086
31 93 95.39610
31 94 65.40900
31 95 82.04939
31 96 106.25225
31 97 106.46658
31 98 48.03728
31 99 75.34241
32 33 88.48873
32 34 31.32989
32 35 111.85346
32 36 91.33904
32 37 77.48985
32 38 81.05085
32 39 63.10883
32 40 65.80721
32 41 82.96596
32 42 93.99498
32 43 57.08261
32 44 104.40258
32 45 76.98726
32 46 83.49765
32 47 106.73383
32 48 39.81741
32 49 66.98814
32 50 87.62780
32 51 75.65419
32 52 58.97342
32 53 71.74148
32 54 66.28534
32 55 76.36684
32 56 102.01118
32 57 86.43045
32 58 91.64410
32 59 68.70043
32 60 84.40141
32 61 62.70894
32 62 53.63565
32 63 79.03324
32 64 80.97455
32 65 66.10627
32 66 78.18488
32 67 76.20484
32 68 60.33342
32 69 81.27586
32 70 60.36667
32 71 97.01769
32 72 81.91952
32 73 112.00716
32 74 92.80688
32 75 84.45549
32 76 103.49886
32 77 71.69935
32 78 87.03550
32 79 95.91642
32 80 92.50099
32 81 65.42321
32 82 70.54491
32 83 93.25852
32 84 54.19893
32 85 101.33077
32 86 80.08750
32 87 94.32822
32 88 90.53662
32 89 68.67834
32 90 86.86621
32 91 85.87572
32 92 54.35681
32 93 52.24789
32 94 90.41669
32 95 88.83501
32 96 99.77157
32 97 77.57715
32 98 73.25310
32 99 59.92868
33 34 109.68362
33 35 57.60256
33 36 124.25798
33 37 109.90594
33 38 46.23896
33 39 47.03188
33 40 77.44537
33 41 114.39739
33 42 108.46616
33 43 87.42290
33 44 108.34893
33 45 83.45734
33 46 91.66129
33 47 112.85889
33 48 104.44850
33 49 74.64921
33 50 89.51514
33 51 94.97112
33 52 51.34252
33 53 123.42557
33 54 97.88828
33 55 98.94985
33 56 118.76726
33 57 102.65949
33 58 111.07594
33 59 101.33964
33 60 55.77242
33 61 80.46783
33 62 95.11433
33 63 97.98324
33 64 104.18816
33 65 98.03394
33 66 97.45287
33 67 96.82057
33 68 70.04608
33 69 106.81061
33 70 76.10577
33 71 113.65459
33 72 134.93187
33 73 62.94854
33 74 135.67220
33 75 79.63331
33 76 104.19854
33 77 28.79850
33 78 76.33021
33 79 114.08276
33 80 43.32041
33 81 125.59871
33 82 71.95698
33 83 80.58636
33 84 90.17954
33 85 94.62922
33 86 83.29293
33 87 70.18027
33 88 58.65834
33 89 43.66965
33 90 125.55348
33 91 101.23902
33 92 125.55050
33 93 101.28606
33 94 85.52229
33 95 95.09015
33 96 117.81129
33 97 102.77454
33 98 106.54189
33 99 87.29740
34 35 128.91611
34 36 95.75664
34 37 74.54553
34 38 95.97710
34 39 76.11764
34 40 93.23246
34 41 76.37691
34 42 103.24166
34 43 59.47268
34 44 127.26738
34 45 75.15684
34 46 97.01540
34 47 113.05310
34 48 53.19206
34 49 70.53913
34 50 94.43306
34 51 80.12544
34 52 79.05292
34 53 54.05598
34 54 57.45484
34 55 68.13892
34 56 112.92477
34 57 103.66039
34 58 94.39015
34 59 76.23984
34 60 95.87973
34 61 76.59650
34 62 49.41473
34 63 83.77441
34 64 69.73500
34 65 69.04646
34 66 94.08599
34 67 99.72346
34 68 76.21607
34 69 99.98223
34 70 64.50850
34 71 109.52260
34 72 80.04880
34 73 134.20103
34 74 94.88626
34 75 104.52440
34 76 98.08580
34 77 88.59568
34 78 97.46486
34 79 112.06178
34 80 109.42818
34 81 48.65665
34 82 83.20130
34 83 92.08112
34 84 70.70096
34 85 111.97328
34 86 84.58369
34 87 108.13302
34 88 104.76867
34 89 91.81932
34 90 89.92036
34 91 79.87141
34 92 52.78389
34 93 78.08011
34 94 104.63086
34 95 88.47181
34 96 92.15710
34 97 84.57408
34 98 82.15561
34 99 69.60847
35 36 100.91055
35 37 111.56707
35 38 49.71376
35 39 70.02075
35 40 93.01406
35 41 152.95171
35 42 103.35155
35 43 85.85714
35 44 100.93057
35 45 85.44217
35 46 98.54543
35 47 80.95488
35 48 108.78845
35 49 99.20972
35 50 86.71870
35 51 100.50651
35 52 87.52995
35 53 122.85838
35 54 118.92115
35 55 91.68464
35 56 86.54387
35 57 83.86233
35 58 114.05891
35 59 95.79882
35 60 76.36590
35 61 88.89236
35 62 96.33989
35 63 106.39407
35 64 104.36404
35 65 111.56586
35 66 83.09749
35 67 108.90176
35 68 88.47843
35 69 113.78368
35 70 71.47237
35 71 85.12290
35 72 125.02868
35 73 36.84229
35 74 125.05988
35 75 114.22574
35 76 92.46502
35 77 57.68056
35 78 108.93584
35 79 103.66247
35 80 39.48232
35 81 134.10344
35 82 78.73538
35 83 73.14841
35 84 129.00766
35 85 78.14522
35 86 72.16003
35 87 65.33733
35 88 90.15379
35 89 53.11424
35 90 122.61325
35 91 91.32211
35 92 125.88239
35 93 112.98395
35 94 71.75612
35 95 88.64986
35 96 132.02032
35 97 113.48122
35 98 94.93229
35 99 112.61752
36 37 86.84010
36 38 100.08147
36 39 107.69795
36 40 102.82837
36 41 151.61734
36 42 99.92790
36 43 66.51357
36 44 110.12726
36 45 100.61838
36 46 107.11205
36 47 79.61526
36 48 66.23837
36 49 105.57391
36 50 74.55196
36 51 83.19078
36 52 110.58852
36 53 87.61237
36 54 105.37282
36 55 78.82677
36 56 46.49216
36 57 60.22277
36 58 108.98797
36 59 43.90040
36 60 120.44963
36 61 73.55071
36 62 62.65630
36 63 116.97165
36 64 84.62106
36 65 83.29724
36 66 40.29699
36 67 115.67888
36 68 85.56091
36 69 108.47804
36 70 71.23669
36 71 57.93006
36 72 42.52510
36 73 98.42107
36 74 72.03841
36 75 130.21010
36 76 86.95676
36 77 103.98705
36 78 148.08093
36 79 91.93576
36 80 98.17512
36 81 99.14410
36 82 103.61018
36 83 94.93238
36 84 138.76620
36 85 77.54314
36 86 82.10986
36 87 91.48908
36 88 141.12735
36 89 88.86777
36 90 101.20213
36 91 85.29610
36 92 56.47746
36 93 85.36513
36 94 80.18082
36 95 105.58801
36 96 135.65529
36 97 116.90373
36 98 34.09034
36 99 101.16950
37 38 107.74837
37 39 87.52889
37 40 91.58086
37 41 95.89254
37 42 53.40278
37 43 86.80412
37 44 115.83420
37 45 62.13463
37 46 54.66130
37 47 99.98385
37 48 85.40846
37 49 94.89476
37 50 94.70480
37 51 35.85403
37 52 109.55010
37 53 61.84404
37 54 76.71526
37 55 75.68245
37 56 95.93201
37 57 81.61798
37 58 35.72518
37 59 83.70372
37 60 70.92805
37 61 98.35813
37 62 46.19814
37 63 124.48212
37 64 72.46497
37 65 77.37339
37 66 94.92737
37 67 107.00548
37 68 90.74326
37 69 142.58368
37 70 69.96825
37 71 96.79881
37 72 102.07769
37 73 117.57615
37 74 52.05104
37 75 90.55621
37 76 79.01240
37 77 94.04408
37 78 98.72758
37 79 82.81763
37 80 85.33214
37 81 48.42488
37 82 110.08379
37 83 79.10920
37 84 104.50573
37 85 59.02109
37 86 50.07543
37 87 66.27165
37 88 95.01639
37 89 80.80157
37 90 67.03499
37 91 50.23058
37 92 72.25426
37 93 97.83745
37 94 57.52334
37 95 83.02548
37 96 54.86640
37 97 133.30278
37 98 93.24802
37 99 67.47279
38 39 37.31744
38 40 87.74181
38 41 124.80799
38 42 111.67452
38 43 53.54815
38 44 109.10985
38 45 68.70409
38 46 103.30763
38 47 84.30124
38 48 85.22862
38 49 66.76347
38 50 76.45629
38 51 98.98607
38 52 51.07771
38 53 100.78008
38 54 91.18407
38 55 67.33605
38 56 96.42477
38 57 94.01254
38 58 116.06890
38 59 83.11069
38 60 72.38303
38 61 65.67326
38 62 78.62975
38 63 65.06151
38 64 82.77729
38 65 93.57687
38 66 80.48026
38 67 98.91212
38 68 68.02431
38 69 82.67324
38 70 47.62461
38 71 91.90376
38 72 107.27792
38 73 67.94540
38 74 128.10170
38 75 109.92405
38 76 85.52458
38 77 32.34756
38 78 89.68587
38 79 113.24378
38 80 55.64886
38 81 114.14361
38 82 40.19118
38 83 60.60290
38 84 98.61282
38 85 98.07612
38 86 71.87545
38 87 82.10360
38 88 79.40083
38 89 53.20861
38 90 117.61720
38 91 83.16746
38 92 107.79957
38 93 97.92788
38 94 89.25243
38 95 72.68120
38 96 122.09360
38 97 70.29282
38 98 82.79431
38 99 97.57983
39 40 74.51627
39 41 99.17971
39 42 91.62572
39 43 58.20818
39 44 102.99784
39 45 45.43325
39 46 80.38917
39 47 86.29283
39 48 78.10016
39 49 65.11512
39 50 89.42178
39 51 86.17567
39 52 53.32037
39 53 81.93752
39 54 79.10816
39 55 62.36801
39 56 103.01553
39 57 92.88449
39 58 90.86016
39 59 90.67920
39 60 46.78732
39 61 76.91639
39 62 68.01420
39 63 61.07426
39 64 78.68794
39 65 90.73520
39 66 92.94501
39 67 83.10172
39 68 72.34679
39 69 91.24502
39 70 42.13055
39 71 95.90862
39 72 113.63226
39 73 87.31905
39 74 114.50092
39 75 94.33601
39 76 88.39684
39 77 35.62661
39 78 54.94490
39 79 101.29665
39 80 59.49276
39 81 88.53226
39 82 39.63512
39 83 60.46165
39 84 69.24817
39 85 95.01651
39 86 56.86347
39 87 78.54845
39 88 49.60966
39 89 50.00395
39 90 94.94290
39 91 68.31761
39 92 98.94984
39 93 90.81852
39 94 80.94044
39 95 54.48090
39 96 91.37386
39 97 71.52837
39 98 93.77202
39 99 84.19008
40 41 125.36271
40 42 70.14320
40 43 93.54521
40 44 49.34919
40 45 94.50169
40 46 56.71413
40 47 98.41653
40 48 66.62040
40 49 108.09659
40 50 112.01581
40 51 88.49960
40 52 82.35869
40 53 108.87646
40 54 115.56047
40 55 110.24616
40 56 88.24846
40 57 57.67995
40 58 85.29890
40 59 94.78831
40 60 77.46230
40 61 91.20872
40 62 89.26533
40 63 104.03970
40 64 122.52094
40 65 103.80708
40 66 81.30620
40 67 33.64938
40 68 85.62344
40 69 89.91464
40 70 83.11671
40 71 79.37431
40 72 116.20387
40 73 84.41667
40 74 89.88866
40 75 74.29478
40 76 130.93849
40 77 79.75339
40 78 84.06016
40 79 55.48195
40 80 79.08506
40 81 100.69078
40 82 82.58519
40 83 115.31575
40 84 69.06893
40 85 88.55241
40 86 81.11793
40 87 82.06757
40 88 77.49748
40 89 46.55740
40 90 78.83253
40 91 104.41699
40 92 87.86107
40 93 43.78978
40 94 65.24535
40 95 98.66705
40 96 116.10406
40 97 105.82473
40 98 94.24484
40 99 86.34892
41 42 130.88309
41 43 113.05003
41 44 170.15785
41 45 101.40571
41 46 114.65179
41 47 166.70624
41 48 120.49622
41 49 76.60818
41 50 115.86031
41 51 90.17930
41 52 95.61351
41 53 108.02353
41 54 58.18620
41 55 112.39280
41 56 169.32491
41 57 151.40773
41 58 109.83806
41 59 120.62421
41 60 95.91396
41 61 110.37186
41 62 92.76035
41 63 134.12025
41 64 94.98833
41 65 84.38164
41 66 141.66042
41 67 141.11711
41 68 95.20230
41 69 156.63123
41 70 109.56196
41 71 166.75764
41 72 142.18883
41 73 157.08218
41 74 138.62358
41 75 88.70361
41 76 114.99432
41 77 101.07510
41 78 98.68868
41 79 154.01698
41 80 120.52058
41 81 91.95588
41 82 128.01276
41 83 109.31922
41 84 87.30392
41 85 130.28838
41 86 116.03623
41 87 116.29338
41 88 103.96941
41 89 115.71105
41 90 135.20042
41 91 111.94117
41 92 118.66339
41 93 127.57346
41 94 130.35297
41 95 126.60738
41 96 84.40963
41 97 137.79442
41 98 135.40886
41 99 66.32784
42 43 106.61695
42 44 76.31818
42 45 75.15032
42 46 25.14004
42 47 84.24654
42 48 91.62805
42 49 126.21538
42 50 123.63387
42 51 72.07185
42 52 123.20580
42 53 87.12376
42 54 119.07198
42 55 100.35032
42 56 83.16010
42 57 60.95091
42 58 30.17407
42 59 108.33537
42 60 70.06916
42 61 120.18800
42 62 81.34377
42 63 127.05161
42 64 112.90875
42 65 114.90003
42 66 102.95158
42 67 78.40911
42 68 113.85667
42 69 138.57344
42 70 84.11704
42 71 78.46663
42 72 125.70698
42 73 108.47271
42 74 51.35505
42 75 98.04740
42 76 114.65399
42 77 103.94606
42 78 90.52824
42 79 41.55592
42 80 86.50045
42 81 76.62165
42 82 108.46085
42 83 103.96943
42 84 104.07720
42 85 65.08882
42 86 52.44727
42 87 73.38076
42 88 84.20837
42 89 74.34374
42 90 42.56850
42 91 72.03205
42 92 92.04426
42 93 92.55490
42 94 40.91186
42 95 81.23403
42 96 77.50858
42 97 137.55765
42 98 110.62106
42 99 98.89067
43 44 116.49302
43 45 64.33306
43 46 104.13115
43 47 78.83823
43 48 52.66827
43 49 58.32248
43 50 62.56625
43 51 83.68951
43 52 63.32088
43 53 64.26464
43 54 67.73382
43 55 37.11346
43 56 81.30647
43 57 85.45817
43 58 107.22565
43 59 50.65223
43 60 90.85711
43 61 48.58534
43 62 43.70218
43 63 61.85867
43 64 52.32718
43 65 68.60902
43 66 61.90502
43 67 102.65314
43 68 60.05688
43 69 77.92673
43 70 28.77581
43 71 80.35783
43 72 60.37820
43 73 96.42139
43 74 101.90108
43 75 116.70094
43 76 69.42031
43 77 61.94841
43 78 106.90839
43 79 108.43233
43 80 81.37218
43 81 81.97527
43 82 52.58298
43 83 59.84076
43 84 98.69576
43 85 95.41669
43 86 67.69808
43 87 90.75198
43 88 104.53643
43 89 71.30162
43 90 101.34898
43 91 66.21492
43 92 64.90373
43 93 83.02175
43 94 90.79512
43 95 71.10918
43 96 113.26366
43 97 63.03725
43 98 49.25493
43 99 84.43414
44 45 114.76858
44 46 76.81854
44 47 85.70074
44 48 87.70770
44 49 146.80666
44 50 141.36853
44 51 120.24931
44 52 121.40089
44 53 126.53848
44 54 154.58090
44 55 129.28860
44 56 76.21770
44 57 53.26599
44 58 102.99458
44 59 120.04310
44 60 105.83761
44 61 123.65349
44 62 116.89140
44 63 118.68195
44 64 150.46388
44 65 141.58810
44 66 97.40741
44 67 41.77201
44 68 123.88142
44 69 101.25361
44 70 103.79034
44 71 64.15553
44 72 132.77890
44 73 95.40419
44 74 96.07396
44 75 118.63361
44 76 154.38283
44 77 112.68994
44 78 111.27089
44 79 41.56933
44 80 102.98084
44 81 124.27728
44 82 98.71406
44 83 138.19754
44 84 107.47800
44 85 104.96780
44 86 95.30788
44 87 106.83347
44 88 104.44540
44 89 76.30986
44 90 79.92262
44 91 120.40220
44 92 108.45692
44 93 71.73593
44 94 77.18563
44 95 107.48609
44 96 142.25879
44 97 122.34245
44 98 112.73360
44 99 129.81375
45 46 73.49371
45 47 74.83531
45 48 85.94235
45 49 80.85838
45 50 96.73811
45 51 75.51794
45 52 89.93238
45 53 52.68514
45 54 77.65400
45 55 42.61287
45 56 97.90566
45 57 93.63329
45 58 66.98972
45 59 94.94698
45 60 49.67604
45 61 95.67896
45 62 54.71386
45 63 79.40105
45 64 62.92416
45 65 94.98139
45 66 102.72276
45 67 100.54841
45 68 92.21751
45 69 119.78026
45 70 38.65087
45 71 93.32314
45 72 111.65734
45 73 108.02286
45 74 94.58447
45 75 110.58129
45 76 70.88797
45 77 67.68050
45 78 67.02463
45 79 97.72659
45 80 73.03882
45 81 63.29980
45 82 66.75401
45 83 46.85038
45 84 91.53498
45 85 85.45419
45 86 31.52852
45 87 78.56935
45 88 65.43409
45 89 72.14294
45 90 76.02396
45 91 28.39297
45 92 93.07194
45 93 108.21036
45 94 74.19131
45 95 30.34244
45 96 61.53574
45 97 94.62255
45 98 99.17516
45 99 91.18712
46 47 96.19386
46 48 90.06452
46 49 113.85926
46 50 116.91393
46 51 64.63422
46 52 107.83937
46 53 92.80566
46 54 108.94281
46 55 101.97263
46 56 94.53352
46 57 66.95454
46 58 32.96325
46 59 105.53207
46 60 54.56063
46 61 111.27070
46 62 79.64437
46 63 123.50484
46 64 110.58891
46 65 105.37762
46 66 101.45552
46 67 71.35431
46 68 101.30209
46 69 133.38394
46 70 82.45172
46 71 89.09719
46 72 128.67914
46 73 100.76487
46 74 66.19075
46 75 75.46413
46 76 113.83673
46 77 90.10188
46 78 75.31559
46 79 51.24129
46 80 75.35449
46 81 78.93361
46 82 103.08765
46 83 100.77139
46 84 87.62469
46 85 64.45157
46 86 55.57006
46 87 63.84426
46 88 67.18549
46 89 61.25128
46 90 56.43916
46 91 77.23044
46 92 94.50674
46 93 85.09512
46 94 40.93648
46 95 84.62834
46 96 72.91286
46 97 132.88376
46 98 110.36335
46 99 83.53023
47 48 84.33335
47 49 127.03625
47 50 118.01242
47 51 112.59802
47 52 121.04276
47 53 83.13308
47 54 132.07922
47 55 73.74401
47 56 48.45932
47 57 66.50886
47 58 100.24486
47 59 101.76445
47 60 100.68356
47 61 112.37961
47 62 87.79366
47 63 87.04021
47 64 106.26128
47 65 130.02170
47 66 90.18425
47 67 94.19173
47 68 120.01144
47 69 104.46333
47 70 63.19365
47 71 41.09885
47 72 104.40902
47 73 100.58088
47 74 91.64572
47 75 148.69391
47 76 106.36670
47 77 102.16776
47 78 115.65918
47 79 77.69370
47 80 95.64726
47 81 102.24775
47 82 73.71138
47 83 90.97546
47 84 128.67064
47 85 97.27604
47 86 60.34822
47 87 103.38175
47 88 110.58237
47 89 86.62363
47 90 76.72612
47 91 70.85320
47 92 97.02695
47 93 105.83680
47 94 79.39927
47 95 57.03782
47 96 124.18484
47 97 98.25716
47 98 92.08984
47 99 134.42337
48 49 90.73539
48 50 92.81275
48 51 88.17529
48 52 80.03837
48 53 70.48772
48 54 92.29268
48 55 76.01361
48 56 72.23492
48 57 64.67177
48 58 99.03481
48 59 61.23512
48 60 102.47197
48 61 67.68970
48 62 58.71545
48 63 76.70995
48 64 90.70394
48 65 82.53466
48 66 60.20720
48 67 69.82697
48 68 75.61766
48 69 65.28072
48 70 59.41183
48 71 67.20744
48 72 60.20630
48 73 108.11999
48 74 79.44636
48 75 109.30332
48 76 109.36732
48 77 87.64849
48 78 108.75129
48 79 80.48202
48 80 100.33746
48 81 73.57156
48 82 68.94888
48 83 101.66160
48 84 81.65704
48 85 100.78403
48 86 80.11516
48 87 101.98673
48 88 110.20675
48 89 74.06384
48 90 77.65520
48 91 87.54404
48 92 35.64078
48 93 40.57563
48 94 87.30275
48 95 87.88223
48 96 119.37761
48 97 73.55521
48 98 54.99154
48 99 86.13855
49 50 51.64826
49 51 76.83960
49 52 44.29566
49 53 96.07240
49 54 34.61170
49 55 70.85211
49 56 126.65179
49 57 118.79280
49 58 117.18203
49 59 68.48664
49 60 84.92662
49 61 47.57475
49 62 61.78894
49 63 96.67220
49 64 53.20089
49 65 46.74569
49 66 88.97780
49 67 127.54758
49 68 39.62060
49 69 112.11143
49 70 65.09203
49 71 126.79105
49 72 96.77590
49 73 103.94830
49 74 129.27039
49 75 92.05054
49 76 68.33045
49 77 49.32768
49 78 105.47171
49 79 138.10349
49 80 77.51534
49 81 100.50233
49 82 84.81747
49 83 62.26103
49 84 98.20006
49 85 101.78284
49 86 90.38730
49 87 85.63470
49 88 100.37821
49 89 78.32585
49 90 133.07942
49 91 88.74922
49 92 97.17570
49 93 104.72581
49 94 106.06712
49 95 102.47336
49 96 109.40958
49 97 96.74531
49 98 81.47162
49 99 57.95118
50 51 69.29700
50 52 71.11230
50 53 107.10829
50 54 64.42628
50 55 77.99794
50 56 103.13672
50 57 100.78468
50 58 121.10603
50 59 39.83840
50 60 101.54852
50 61 36.15146
50 62 61.97687
50 63 119.16524
50 64 58.61602
50 65 41.65401
50 66 58.87541
50 67 135.94969
50 68 38.44467
50 69 119.46058
50 70 70.71252
50 71 109.29770
50 72 76.45982
50 73 82.84700
50 74 116.28005
50 75 101.48901
50 76 56.06847
50 77 65.56055
50 78 135.90363
50 79 129.64114
50 80 70.50412
50 81 114.90969
50 82 101.93678
50 83 66.53884
50 84 130.71001
50 85 78.25893
50 86 90.49037
50 87 71.04272
50 88 124.79603
50 89 77.10985
50 90 137.06248
50 91 91.81283
50 92 91.94764
50 93 104.24894
50 94 92.56034
50 95 115.56628
50 96 129.02335
50 97 118.06060
50 98 54.19774
50 99 67.82921
51 52 92.75485
51 53 84.67223
51 54 64.16251
51 55 82.59363
51 56 99.85595
51 57 82.45730
51 58 60.85126
51 59 66.70516
51 60 70.43860
51 61 77.42690
51 62 46.32048
51 63 130.51250
51 64 68.00528
51 65 52.23260
51 66 79.92625
51 67 113.09168
51 68 65.59224
51 69 139.53584
51 70 72.26015
51 71 103.07412
51 72 97.37193
51 73 98.83204
51 74 70.52110
51 75 68.68987
51 76 69.75774
51 77 78.62900
51 78 106.96686
51 79 93.51595
51 80 68.09901
51 81 74.96396
51 82 112.00572
51 83 74.53157
51 84 107.99953
51 85 44.27652
51 86 62.27411
51 87 44.99577
51 88 97.74428
51 89 68.25242
51 90 93.96220
51 91 67.47375
51 92 77.66634
51 93 93.14963
51 94 55.45481
51 95 100.08654
51 96 76.67676
51 97 135.87733
51 98 81.26330
51 99 41.96580
52 53 110.17795
52 54 71.93487
52 55 87.96000
52 56 119.67944
52 57 106.91851
52 58 122.53212
52 59 76.83665
52 60 82.70898
52 61 47.27437
52 62 79.26801
52 63 82.28423
52 64 87.29787
52 65 70.65134
52 66 82.35880
52 67 100.25803
52 68 41.18631
52 69 81.98965
52 70 69.13440
52 71 115.95580
52 72 104.89032
52 73 86.44444
52 74 133.45370
52 75 83.72336
52 76 99.83315
52 77 36.94291
52 78 93.54564
52 79 124.70782
52 80 72.29320
52 81 112.92422
52 82 65.44089
52 83 84.24702
52 84 77.99136
52 85 108.17041
52 86 95.20734
52 87 89.33238
52 88 87.44332
52 89 60.05956
52 90 128.99933
52 91 104.60404
52 92 100.68504
52 93 82.63667
52 94 102.97498
52 95 103.32825
52 96 125.20245
52 97 78.51606
52 98 82.96063
52 99 69.90408
53 54 80.83691
53 55 45.61684
53 56 96.19118
53 57 97.94437
53 58 78.49612
53 59 89.80959
53 60 94.18066
53 61 101.67221
53 62 48.48904
53 63 86.34695
53 64 64.22787
53 65 95.19395
53 66 103.44041
53 67 109.63475
53 68 104.29140
53 69 119.80528
53 70 55.22864
53 71 93.57973
53 72 87.16576
53 73 138.36142
53 74 78.79835
53 75 131.42949
53 76 85.04058
53 77 102.22846
53 78 101.74490
53 79 103.00036
53 80 111.00863
53 81 32.52657
53 82 86.20895
53 83 78.54726
53 84 101.38531
53 85 104.17760
53 86 61.30761
53 87 107.88226
53 88 107.76849
53 89 100.91502
53 90 67.96335
53 91 45.22053
53 92 63.60687
53 93 103.81334
53 94 95.39434
53 95 58.37311
53 96 77.09435
53 97 96.55970
53 98 91.47620
53 99 99.26649
54 55 69.08550
54 56 130.93747
54 57 122.30852
54 58 103.72940
54 59 72.67809
54 60 88.31219
54 61 66.24698
54 62 50.88078
54 63 109.72395
54 64 42.06032
54 65 40.88742
54 66 99.07693
54 67 133.96494
54 68 57.58481
54 69 130.22226
54 70 70.78701
54 71 132.01759
54 72 95.20829
54 73 124.56863
54 74 116.13855
54 75 94.05932
54 76 64.59925
54 77 73.17684
54 78 108.58184
54 79 137.33440
54 80 92.26946
54 81 79.76247
54 82 101.46507
54 83 66.99670
54 84 100.60980
54 85 99.99562
54 86 88.16400
54 87 89.61670
54 88 107.17648
54 89 92.13261
54 90 123.83775
54 91 79.69454
54 92 87.52792
54 93 109.89355
54 94 106.31035
54 95 103.20483
54 96 90.16934
54 97 112.16344
54 98 88.22780
54 99 50.08520
55 56 89.75221
55 57 96.93909
55 58 95.27370
55 59 73.46490
55 60 84.27766
55 61 78.27695
55 62 43.00806
55 63 72.42121
55 64 38.86430
55 65 82.67669
55 66 87.22958
55 67 117.07414
55 68 83.61389
55 69 108.65010
55 70 28.87120
55 71 89.28249
55 72 81.05163
55 73 111.71378
55 74 99.46577
55 75 128.16422
55 76 53.76247
55 77 74.30998
55 78 102.65512
55 79 113.38961
55 80 86.07653
55 81 70.37659
55 82 66.30325
55 83 41.71909
55 84 109.99261
55 85 94.19126
55 86 53.52812
55 87 91.87872
55 88 101.46701
55 89 84.93808
55 90 94.81030
55 91 38.58324
55 92 78.87864
55 93 108.39699
55 94 90.75124
55 95 51.63182
55 96 92.65784
55 97 82.55228
55 98 75.33471
55 99 95.14320
56 57 36.00130
56 58 103.00146
56 59 78.06795
56 60 113.44585
56 61 97.07221
56 62 83.23381
56 63 110.84606
56 64 109.75233
56 65 114.34208
56 66 58.23716
56 67 93.30370
56 68 106.30673
56 69 102.52731
56 70 74.51366
56 71 16.15027
56 72 80.89465
56 73 88.07922
56 74 71.93527
56 75 136.20515
56 76 108.87161
56 77 106.68038
56 78 136.62093
56 79 64.10014
56 80 94.57048
56 81 107.93166
56 82 93.98920
56 83 104.47383
56 84 135.59613
56 85 80.23477
56 86 74.08664
56 87 93.59137
56 88 128.55028
56 89 81.24344
56 90 83.92227
56 91 87.69421
56 92 77.93161
56 93 84.52264
56 94 68.22266
56 95 92.52369
56 96 137.90872
56 97 114.45655
56 98 65.84661
56 99 121.40778
57 58 83.34415
57 59 76.33999
57 60 95.27693
57 61 90.92817
57 62 78.19096
57 63 113.97141
57 64 111.75838
57 65 103.56161
57 66 55.72260
57 67 69.51054
57 68 93.67708
57 69 101.48280
57 70 74.89770
57 71 33.79568
57 72 90.47035
57 73 77.57438
57 74 59.17493
57 75 106.44786
57 76 112.94550
57 77 95.08751
57 78 118.20356
57 79 37.19857
57 80 80.54301
57 81 99.29279
57 82 93.08659
57 83 106.03867
57 84 114.08535
57 85 64.88779
57 86 67.68187
57 87 75.59071
57 88 109.00072
57 89 60.20755
57 90 70.99209
57 91 88.45728
57 92 72.76728
57 93 61.86390
57 94 45.99836
57 95 94.10607
57 96 123.64798
57 97 117.29243
57 98 69.95220
57 99 100.82565
58 59 110.40553
58 60 63.43597
58 61 121.13879
58 62 74.36716
58 63 130.78618
58 64 101.21190
58 65 106.53379
58 66 113.58830
58 67 96.03036
58 68 111.92700
58 69 150.54010
58 70 84.60011
58 71 99.91793
58 72 129.16147
58 73 121.79454
58 74 59.05124
58 75 93.12017
58 76 104.98046
58 77 103.44238
58 78 84.96931
58 79 69.76442
58 80 90.04364
58 81 62.35688
58 82 114.70174
58 83 96.30387
58 84 101.30803
58 85 68.83244
58 86 52.89372
58 87 73.74762
58 88 81.29948
58 89 83.20005
58 90 53.25710
58 91 63.44398
58 92 94.11949
58 93 104.49705
58 94 54.69530
58 95 81.51419
58 96 49.86211
58 97 142.23138
58 98 116.99222
58 99 88.27190
59 60 106.70438
59 61 33.79402
59 62 48.27842
59 63 108.83344
59 64 65.49252
59 65 44.38057
59 66 32.36613
59 67 114.77798
59 68 45.42897
59 69 99.62012
59 70 63.04333
59 71 84.29308
59 72 42.38806
59 73 89.26371
59 74 89.92920
59 75 103.47513
59 76 73.52264
59 77 78.06872
59 78 134.50212
59 79 106.54155
59 80 82.76619
59 81 96.46503
59 82 94.23194
59 83 81.47421
59 84 119.29288
59 85 76.80848
59 86 84.25240
59 87 78.91343
59 88 127.20998
59 89 74.16960
59 90 113.97321
59 91 87.15880
59 92 56.55473
59 93 75.75929
59 94 83.65699
59 95 108.53870
59 96 127.49928
59 97 105.77143
59 98 19.89648
59 99 68.31149
60 61 100.01424
60 62 77.25829
60 63 104.83423
60 64 90.78125
60 65 97.99106
60 66 108.83607
60 67 92.97504
60 68 87.53742
60 69 130.51266
60 70 67.12203
60 71 108.15733
60 72 136.16107
60 73 90.66241
60 74 105.87020
60 75 76.36695
60 76 91.56618
60 77 55.45355
60 78 48.97240
60 79 94.14828
60 80 50.62734
60 81 90.24838
60 82 83.07461
60 83 68.09553
60 84 83.15508
60 85 75.67319
60 86 50.23083
60 87 57.31614
60 88 31.87305
60 89 53.07537
60 90 90.50665
60 91 67.06344
60 92 113.60963
60 93 106.27255
60 94 62.70441
60 95 68.44020
60 96 65.95006
60 97 116.80868
60 98 114.31423
60 99 79.65174
61 62 60.60193
61 63 97.82301
61 64 70.25178
61 65 44.09521
61 66 47.15849
61 67 112.37151
61 68 22.35340
61 69 87.57164
61 70 63.79464
61 71 99.32941
61 72 66.12044
61 73 81.88610
61 74 113.69488
61 75 94.14914
61 76 80.30353
61 77 57.69965
61 78 123.66249
61 79 118.72425
61 80 75.21741
61 81 107.75582
61 82 82.03662
61 83 79.61761
61 84 106.55174
61 85 90.41585
61 86 91.74307
61 87 81.48584
61 88 115.94203
61 89 66.27070
61 90 126.70866
61 91 97.23285
61 92 76.49686
61 93 76.67451
61 94 93.99654
61 95 110.13114
61 96 131.78876
61 97 92.44815
61 98 42.48724
61 99 63.79014
62 63 93.71617
62 64 39.49168
62 65 50.43197
62 66 67.08910
62 67 104.22092
62 68 60.39785
62 69 110.03645
62 70 38.47605
62 71 84.84346
62 72 65.94968
62 73 103.30714
62 74 71.80712
62 75 96.76875
62 76 56.78403
62 77 70.84377
62 78 102.00584
62 79 94.90165
62 80 76.79156
62 81 53.73394
62 82 81.70158
62 83 57.14663
62 84 97.24386
62 85 69.74056
62 86 51.26059
62 87 70.48569
62 88 98.96731
62 89 69.74162
62 90 83.08850
62 91 46.29013
62 92 50.92334
62 93 82.90852
62 94 70.06863
62 95 73.77589
62 96 82.18673
62 97 98.71763
62 98 57.45311
62 99 59.35437
63 64 101.74589
63 65 122.11723
63 66 109.56190
63 67 95.71377
63 68 105.66785
63 69 64.09219
63 70 64.34889
63 71 101.37802
63 72 110.33613
63 73 124.36671
63 74 136.75848
63 75 144.99178
63 76 119.40582
63 77 85.18689
63 78 93.87527
63 79 124.46591
63 80 112.08171
63 81 103.92798
63 82 29.46015
63 83 96.06682
63 84 88.21534
63 85 139.73947
63 86 93.84521
63 87 130.71368
63 88 100.19550
63 89 95.96783
63 90 109.84045
63 91 96.18005
63 92 103.68968
63 93 102.46691
63 94 123.41524
63 95 67.58892
63 96 131.08846
63 97 20.95697
63 98 102.95023
63 99 126.40870
64 65 57.92346
64 66 90.12388
64 67 137.48758
64 68 70.99710
64 69 129.17101
64 70 52.69684
64 71 112.97836
64 72 81.63973
64 73 117.52269
64 74 106.43526
64 75 118.16881
64 76 32.18882
64 77 76.72022
64 78 117.21129
64 79 130.73026
64 80 87.70124
64 81 77.83867
64 82 93.66824
64 83 41.42205
64 84 120.24926
64 85 90.21643
64 86 70.93416
64 87 86.41171
64 88 113.73524
64 89 92.87444
64 90 115.81232
64 91 54.72989
64 92 83.98024
64 93 117.61240
64 94 97.84680
64 95 84.30989
64 96 92.55347
64 97 107.61416
64 98 76.43980
64 99 76.75245
65 66 70.99915
65 67 127.92982
65 68 35.53507
65 69 123.18916
65 70 75.85532
65 71 118.32999
65 72 76.05779
65 73 106.07919
65 74 103.64538
65 75 82.24775
65 76 70.46341
65 77 74.70683
65 78 125.87160
65 79 124.93982
65 80 84.70769
65 81 92.62104
65 82 108.45510
65 83 80.11388
65 84 110.61672
65 85 82.71072
65 86 92.11288
65 87 76.57150
65 88 119.61708
65 89 81.56642
65 90 125.08418
65 91 91.41568
65 92 74.54992
65 93 91.61377
65 94 93.85522
65 95 117.94217
65 96 110.93760
65 97 120.62354
65 98 63.50525
65 99 36.09233
66 67 100.57903
66 68 58.74461
66 69 88.53258
66 70 69.13203
66 71 64.21592
66 72 55.79651
66 73 70.48495
66 74 88.99860
66 75 106.36452
66 76 92.80254
66 77 80.71593
66 78 136.06619
66 79 90.61109
66 80 78.46278
66 81 110.36976
66 82 90.76908
66 83 94.19200
66 84 122.23640
66 85 74.43967
66 86 85.60882
66 87 78.19207
66 88 126.37976
66 89 64.73383
66 90 110.60145
66 91 96.93037
66 92 66.02541
66 93 64.92281
66 94 75.05740
66 95 110.25117
66 96 140.10010
66 97 106.08219
66 98 23.96485
66 99 85.02731
67 68 110.68752
67 69 84.15449
67 70 92.12046
67 71 80.17417
67 72 126.66733
67 73 107.20159
67 74 98.91579
67 75 104.23999
67 76 148.91440
67 77 99.34180
67 78 84.56312
67 79 57.85574
67 80 103.05747
67 81 103.64397
67 82 80.19791
67 83 130.02271
67 84 68.32621
67 85 113.19451
67 86 91.19280
67 87 109.18364
67 88 85.02013
67 89 71.28194
67 90 71.50942
67 91 112.62592
67 92 95.59301
67 93 55.22433
67 94 85.74030
67 95 95.55853
67 96 125.00092
67 97 98.59942
67 98 110.21214
67 99 112.78226
68 69 99.87909
68 70 67.47849
68 71 107.74914
68 72 82.53413
68 73 80.11396
68 74 112.85695
68 75 74.15645
68 76 79.76312
68 77 49.20749
68 78 113.42179
68 79 117.17351
68 80 65.78873
68 81 105.09258
68 82 87.55726
68 83 77.63417
68 84 98.50095
68 85 83.09362
68 86 88.69670
68 87 69.69736
68 88 104.36085
68 89 58.89888
68 90 125.29694
68 91 95.97680
68 92 82.98709
68 93 78.31639
68 94 87.76013
68 95 111.00710
68 96 120.63544
68 97 102.57274
68 98 58.73891
68 99 45.74287
69 70 90.36279
69 71 93.97904
69 72 99.19078
69 73 113.30672
69 74 139.22473
69 75 141.05243
69 76 144.77423
69 77 98.42137
69 78 126.37029
69 79 118.86446
69 80 120.85739
69 81 130.03804
69 82 61.42373
69 83 129.03322
69 84 99.00113
69 85 143.87242
69 86 119.66399
69 87 137.28477
69 88 127.26894
69 89 95.15764
69 90 125.47263
69 91 130.57944
69 92 98.59824
69 93 72.93166
69 94 127.96624
69 95 112.66191
69 96 166.52330
69 97 49.17472
69 98 88.29047
69 99 128.68127
70 71 71.67850
70 72 79.22758
70 73 88.08848
70 74 89.84580
70 75 107.77599
70 76 63.43092
70 77 53.75142
70 78 87.19280
70 79 92.14382
70 80 64.95334
70 81 71.49428
70 82 48.18478
70 83 45.27563
70 84 92.28740
70 85 79.35909
70 86 40.30421
70 87 74.10250
70 88 82.89455
70 89 57.50773
70 90 83.07856
70 91 43.23265
70 92 71.18817
70 93 85.42112
70 94 70.58575
70 95 47.29506
70 96 92.16657
70 97 73.22091
70 98 63.77634
70 99 82.23905
71 72 87.29836
71 73 88.66508
71 74 74.04022
71 75 134.14313
71 76 114.49567
71 77 103.56689
71 78 126.58773
71 79 56.36479
71 80 94.01982
71 81 104.69524
71 82 84.64964
71 83 105.67902
71 84 125.67744
71 85 85.65786
71 86 71.21269
71 87 95.95827
71 88 119.75793
71 89 77.01613
71 90 75.53070
71 91 87.09972
71 92 78.70931
71 93 78.79148
71 94 68.11252
71 95 84.81524
71 96 134.60056
71 97 105.73209
71 98 72.10488
71 99 122.27435
72 73 122.61256
72 74 95.19925
72 75 138.64355
72 76 96.07725
72 77 110.87893
72 78 155.85323
72 79 118.80840
72 80 119.17959
72 81 99.09560
72 82 105.23131
72 83 105.35281
72 84 134.63605
72 85 108.23907
72 86 103.84442
72 87 115.88085
72 88 153.57434
72 89 106.24307
72 90 118.04970
72 91 100.64854
72 92 47.77291
72 93 86.57689
72 94 110.58525
72 95 118.00245
72 96 145.76151
72 97 104.95064
72 98 34.07877
72 99 100.85191
73 74 124.62333
73 75 101.03223
73 76 107.18283
73 77 66.09743
73 78 124.10756
73 79 101.30225
73 80 45.07754
73 81 144.37657
73 82 95.94118
73 83 95.47978
73 84 132.30133
73 85 74.54461
73 86 90.13866
73 87 62.67234
73 88 104.58035
73 89 49.98775
73 90 131.65376
73 91 111.64230
73 92 124.25027
73 93 101.08762
73 94 71.73359
73 95 114.75760
73 96 146.80518
73 97 126.42901
73 98 88.99457
73 99 105.66714
74 75 115.25021
74 76 111.99218
74 77 122.24953
74 78 127.63419
74 79 57.45796
74 80 109.21809
74 81 69.37321
74 82 123.16282
74 83 113.92898
74 84 123.24845
74 85 71.41153
74 86 72.48766
74 87 90.50690
74 88 124.43353
74 89 95.30589
74 90 54.52817
74 91 79.63003
74 92 62.27483
74 93 87.34590
74 94 62.55626
74 95 101.71641
74 96 98.85377
74 97 142.79225
74 98 90.83984
74 99 98.78413
75 76 123.13702
75 77 81.15655
75 78 98.32703
75 79 109.18062
75 80 78.65911
75 81 115.22988
75 82 123.62417
75 83 115.72280
75 84 89.29656
75 85 86.18230
75 86 102.88123
75 87 69.57416
75 88 87.21143
75 89 69.21400
75 90 122.29557
75 91 118.75930
75 92 114.64162
75 93 91.09614
75 94 84.23124
75 95 131.90198
75 96 106.84554
75 97 146.76199
75 98 116.00220
75 99 49.73282
76 77 79.61077
76 78 127.84096
76 79 133.95033
76 80 78.25834
76 81 98.85981
76 82 105.99953
76 83 33.36552
76 84 140.25140
76 85 78.55087
76 86 70.97546
76 87 75.71755
76 88 118.82701
76 89 93.87347
76 90 126.31008
76 91 58.24577
76 92 103.10004
76 93 131.93140
76 94 92.55836
76 95 91.80659
76 96 100.85529
76 97 126.77341
76 98 84.21325
76 99 88.14409
77 78 80.60564
77 79 111.69209
77 80 39.99595
77 81 107.44965
77 82 61.18522
77 83 58.14324
77 84 88.11248
77 85 84.72366
77 86 69.87905
77 87 63.08764
77 88 67.44952
77 89 40.99308
77 90 117.07166
77 91 82.33105
77 92 105.21798
77 93 93.23675
77 94 79.87732
77 95 83.01860
77 96 107.30937
77 97 89.46083
77 98 84.73221
77 99 71.55145
78 79 108.31298
78 80 92.45644
78 81 95.18673
78 82 81.08369
78 83 100.69663
78 84 57.61474
78 85 119.14777
78 86 80.13741
78 87 103.21925
78 88 24.63480
78 89 81.37502
78 90 93.05566
78 91 92.56060
78 92 126.72523
78 93 112.55281
78 94 99.08546
78 95 73.28678
78 96 77.88339
78 97 106.86628
78 98 139.10806
78 99 105.07203
79 80 96.52614
79 81 97.01107
79 82 105.48452
79 83 123.08717
79 84 108.44240
79 85 79.73672
79 86 73.51959
79 87 89.33481
79 88 102.07621
79 89 74.61810
79 90 51.10337
79 91 95.99328
79 92 88.21204
79 93 73.00296
79 94 52.61466
79 95 95.72459
79 96 114.99799
79 97 130.88295
79 98 102.62106
79 99 112.91351
80 81 114.23981
80 82 84.69601
80 83 62.14260
80 84 110.07820
80 85 54.99513
80 86 59.91391
80 87 32.11072
80 88 72.48860
80 89 34.05861
80 90 111.96821
80 91 79.26075
80 92 111.92883
80 93 100.73711
80 94 53.50266
80 95 88.45445
80 96 105.59546
80 97 118.86756
80 98 89.40147
80 99 78.38474
81 82 100.83578
81 83 93.67675
81 84 89.13654
81 85 102.00206
81 86 68.35661
81 87 105.48499
81 88 102.86192
81 89 101.01325
81 90 59.71650
81 91 59.39872
81 92 62.35608
81 93 97.42491
81 94 92.32096
81 95 75.41836
81 96 61.95987
81 97 112.59024
81 98 101.65159
81 99 86.89963
82 83 80.74693
82 84 81.58447
82 85 116.08038
82 86 74.99422
82 87 105.33337
82 88 80.89310
82 89 68.56196
82 90 100.10123
82 91 84.31369
82 92 97.52153
82 93 88.22034
82 94 99.27978
82 95 58.68040
82 96 121.01491
82 97 38.87199
82 98 89.37686
82 99 110.05386
83 84 120.37963
83 85 80.48062
83 86 54.09094
83 87 70.51986
83 88 91.53808
83 89 76.99738
83 90 114.12944
83 91 46.67578
83 92 105.26965
83 93 123.52305
83 94 84.35812
83 95 66.61397
83 96 90.17366
83 97 106.54435
83 98 89.00332
83 99 88.95471
84 85 130.12123
84 86 100.79202
84 87 117.15633
84 88 70.16538
84 89 85.35178
84 90 96.22401
84 91 111.53770
84 92 102.19993
84 93 78.96704
84 94 111.34880
84 95 98.50071
84 96 102.54977
84 97 90.81384
84 98 122.98564
84 99 90.40157
85 86 59.27603
85 87 28.09675
85 88 103.61799
85 89 62.56509
85 90 97.24334
85 91 74.60218
85 92 96.07996
85 93 101.58627
85 94 31.07891
85 95 102.32723
85 96 99.54977
85 97 146.41592
85 98 84.80164
85 99 77.85532
86 87 58.95879
86 88 72.05371
86 89 58.31535
86 90 64.05141
86 91 28.62547
86 92 84.70844
86 93 96.92889
86 94 45.41803
86 95 43.58821
86 96 70.37448
86 97 106.53619
86 98 87.15067
86 99 87.79034
87 88 85.15615
87 89 47.18555
87 90 105.14706
87 91 76.36207
87 92 104.02509
87 93 100.61758
87 94 38.81858
87 95 98.35502
87 96 95.45493
87 97 137.36836
87 98 88.92152
87 99 67.00720
88 89 66.07226
88 90 96.76521
88 91 89.13070
88 92 128.00725
88 93 110.70403
88 94 84.82332
88 95 74.67517
88 96 80.98695
88 97 112.56376
88 98 132.43086
88 99 98.72945
89 90 92.94632
89 91 81.35397
89 92 91.69740
89 93 68.92205
89 94 48.27338
89 95 82.87962
89 96 105.68967
89 97 100.30247
89 98 77.40083
89 99 71.31555
90 91 74.53429
90 92 79.49219
90 93 89.07362
90 94 73.56012
90 95 72.01012
90 96 85.24911
90 97 120.40463
90 98 112.15557
90 99 113.89417
91 92 85.13537
91 93 112.63171
91 94 69.42130
91 95 44.80231
91 96 65.11890
91 97 109.55376
91 98 91.51696
91 99 93.26963
92 93 60.87882
92 94 90.05405
92 95 100.55656
92 96 114.46657
92 97 102.34138
92 98 55.23397
92 99 82.40366
93 94 86.07850
93 95 112.58458
93 96 132.67290
93 97 97.48920
93 98 72.21318
93 99 84.65330
94 95 85.13591
94 96 92.91674
94 97 131.39224
94 98 87.17003
94 99 83.41639
95 96 82.97694
95 97 85.83833
95 98 107.28162
95 99 115.94692
96 97 144.62828
96 98 137.45020
96 99 93.78077
97 98 98.75273
97 99 127.16346
98 99 84.91785
