ES

0
0
0
0
0
147.19
26.1118
88.1222
13.8738
24.4354
11.4547
7.27875
5.89041
11.7332
7.49263
82.5813
123.405
86.7897
83.2188
68.9041
50.0863
33.5675
28.3327
35.8418
42.219
179.532
309.303
177.463
187.662
275.498
22.7811
37.5505
28.4703
40.8743
34.2676
158.657
364.387
252.909
177.293
309.304
57.4206
52.4765
44.7622
59.0246
61.5524
402.868
284.857
218.831
225.035
295.518


Tiempos Enfriamiento Simulado

1.1377e-05
2.424e-06
1.82e-06
1.776e-06
2.964e-06
0.0148731
0.0152237
0.0142364
0.0152723
0.0163866
0.0186637
0.0193422
0.0186659
0.0189964
0.018887
0.020798
0.0209205
0.02081
0.0277306
0.0209889
0.018474
0.0181709
0.0188176
0.0179301
0.0187671
0.0229977
0.0229617
0.0229405
0.0230937
0.0235288
0.0225977
0.0227949
0.0228626
0.0228336
0.0229306
0.0295311
0.0292577
0.0301433
0.0302056
0.029747
0.0163167
0.0168572
0.0166118
0.0169186
0.0164954
0.0252017
0.0252461
0.024911
0.0249815
0.0252953
